Q20	Q30	M_22	M_32	M_33	EHFB	isInterpolated
0.0	0.0	0.02777	1.014e-08	0.2162	-1894.064278	False
0.0	4.0	0.04478	0.05448	0.3069	-1895.070168	False
0.0	8.0	0.03921	0.01826	0.3566	-1891.030725	False
0.0	12.0	0.04812	0.1081	0.5905	-1886.962888	False
0.0	16.0	0.02958	0.05884	0.279	-1877.59786	False
0.0	20.0	0.05139	0.1001	0.4324	-1865.102144	False
0.0	24.0	0.05816	0.07431	0.1152	-1860.851874	False
0.0	28.0	0.08387	0.1076	0.1583	-1857.01799	False
0.0	32.0	0.08375	0.1654	0.3839	-1850.378045	False
0.0	36.0	0.067	0.1331	0.3065	-1847.649433	False
0.0	40.0	0.06244	0.1214	0.2893	-1840.756725	False
0.0	44.0	0.06133497067914991	0.11940991885356732	0.27196386814737955	-1837.8386104861243	True
0.0	48.0	0.06763866179444508	0.13138331779895152	0.29009170281823543	-1834.5279948288655	True
0.0	52.0	0.07241078259789989	0.14110686766872507	0.30721406408556773	-1830.3808194290468	True
0.0	56.0	0.0762943976285908	0.14909852383020245	0.32131334847554505	-1826.142857409436	True
0.0	60.0	0.0796689736509748	0.15653113894560575	0.33415218500736443	-1822.0301156954733	True
4.0	0.0	0.02793	7.899e-08	0.2073	-1894.582015	False
4.0	4.0	0.03651	0.03415	0.2312	-1895.270596	False
4.0	8.0	0.04017	0.0461	0.3784	-1891.482287	False
4.0	12.0	0.02991	0.04069	0.291	-1887.488685	False
4.0	16.0	0.07857	0.1852	0.6505	-1878.606284	False
4.0	20.0	0.02936	0.02703	0.3189	-1867.779937	False
4.0	24.0	0.03161	0.0545	0.116	-1864.340583	False
4.0	28.0	0.06959	0.08581	0.1209	-1863.693757	False
4.0	32.0	0.1234	0.1503	0.1971	-1861.628524	False
4.0	36.0	0.1016	0.1514	0.3684	-1857.559548	False
4.0	40.0	0.06931	0.1287	0.2733	-1853.969509	False
4.0	44.0	0.06001	0.1114	0.2361	-1848.352675	False
4.0	48.0	0.06847	0.1275	0.2676	-1842.840869	False
4.0	52.0	0.07164679058007835	0.13406842708338282	0.2820221993481574	-1837.3322400828113	True
4.0	56.0	0.07775282304196793	0.14596496897171418	0.304570552163669	-1832.5504013143463	True
4.0	60.0	0.0824702545082607	0.1560239947533272	0.32319972864996116	-1827.9567754287107	True
8.0	0.0	0.03005	1.38e-07	0.1842	-1896.099619	False
8.0	4.0	0.02941	0.01791	0.183	-1895.997023	False
8.0	8.0	0.04193	0.06822	0.4139	-1892.363566	False
8.0	12.0	0.03246	0.03453	0.2824	-1887.666573	False
8.0	16.0	0.03924	0.06553	0.336	-1879.386279	False
8.0	20.0	0.03422	0.03019	0.3115	-1869.810271	False
8.0	24.0	0.02387	0.03985	0.08547	-1866.988013	False
8.0	28.0	0.05645	0.06778	0.09501	-1865.634868	False
8.0	32.0	0.07858	0.09625	0.1309	-1865.112866	False
8.0	36.0	0.12	0.1441	0.1857	-1861.573377	False
8.0	40.0	0.09837	0.181	0.366	-1857.611849	False
8.0	44.0	0.06197	0.1129	0.2328	-1854.34055	False
8.0	48.0	0.06314	0.1159	0.2355	-1848.392265	False
8.0	52.0	0.06761	0.123	0.2516	-1843.306643	False
8.0	56.0	0.0814753602958768	0.14880088152471535	0.29968138208204137	-1838.6689560893037	True
8.0	60.0	0.0858010037743892	0.15787085348330887	0.31757960186988604	-1833.584959455511	True
12.0	0.0	0.03213	2.952e-07	0.1572	-1898.375962	False
12.0	4.0	0.04253	0.004008	0.2018	-1897.284382	False
12.0	8.0	0.03335	0.04207	0.3201	-1893.342342	False
12.0	12.0	0.04167	0.08202	0.3716	-1887.692355	False
12.0	16.0	0.03873	0.02533	0.2572	-1879.905584	False
12.0	20.0	0.05606	0.09391	0.3824	-1871.350969	False
12.0	24.0	0.02471	0.0408	0.08441	-1868.150496	False
12.0	28.0	0.03701420168376274	0.04573094929148131	0.05159820185854874	-1867.3517414312223	True
12.0	32.0	0.05602	0.06667	0.09093	-1867.324939	False
12.0	36.0	0.0896	0.1074	0.1398	-1865.99747	False
12.0	40.0	0.07635	0.09885	0.2584	-1861.592041	False
12.0	44.0	0.1	0.1791	0.3492	-1858.777344	False
12.0	48.0	0.05993	0.1059	0.2114	-1855.227806	False
12.0	52.0	0.07627	0.1379	0.2688	-1849.255891	False
12.0	56.0	0.08875	0.16	0.3116	-1844.429575	False
12.0	60.0	0.08643436255537887	0.15622597631151508	0.30712145012605063	-1838.478311580793	True
16.0	0.0	0.03497	5.092e-07	0.1236	-1901.063083	False
16.0	4.0	0.04498	0.002355	0.1532	-1899.083735	False
16.0	8.0	0.03461	0.04837	0.2655	-1894.345522	False
16.0	12.0	0.05326	0.1101	0.4507	-1887.838471	False
16.0	16.0	0.04483	0.04259	0.2947	-1880.396723	False
16.0	20.0	0.0399209810435488	0.0558307911274288	0.2148618083048412	-1870.9618171816837	True
16.0	24.0	0.0275	0.04543	0.0917	-1867.836539	False
16.0	28.0	0.044725474225135974	0.05533186722280926	0.07785480614573065	-1868.1182485436634	True
16.0	32.0	0.06483	0.07652	0.1013	-1868.4701	False
16.0	36.0	0.05807	0.06924	0.09301	-1868.308863	False
16.0	40.0	0.09072	0.09483	0.2622	-1865.383131	False
16.0	44.0	0.08778	0.1481	0.292	-1860.376562	False
16.0	48.0	0.07727	0.1371	0.2652	-1858.392488	False
16.0	52.0	0.07405	0.131	0.2508	-1854.282526	False
16.0	56.0	0.08184	0.1463	0.2814	-1848.640053	False
16.0	60.0	0.07883	0.1402	0.2709	-1842.880854	False
20.0	0.0	0.03164	3.447e-07	0.09894	-1904.454056	False
20.0	4.0	0.04285	0.02738	0.1549	-1901.263021	False
20.0	8.0	0.02878	0.02896	0.1545	-1895.672093	False
20.0	12.0	0.0557	0.1	0.4245	-1888.324509	False
20.0	16.0	0.03872	0.05531	0.283	-1881.179517	False
20.0	20.0	0.03563	0.05223	0.1189	-1867.924461	False
20.0	24.0	0.04201140548642311	0.056489862704237434	0.07914834249915194	-1866.1069710045094	True
20.0	28.0	0.05572	0.06657	0.1124	-1868.766157	False
20.0	32.0	0.03748	0.05861	0.1172	-1869.100305	False
20.0	36.0	0.06107	0.07053	0.0909	-1869.982372	False
20.0	40.0	0.06019	0.07096	0.0929	-1869.035026	False
20.0	44.0	0.09242	0.1296	0.2811	-1865.334334	False
20.0	48.0	0.09693	0.1693	0.3183	-1860.976435	False
20.0	52.0	0.06834	0.1187	0.2254	-1858.939508	False
20.0	56.0	0.06918	0.1196	0.2222	-1854.531194	False
20.0	60.0	0.07042	0.1226	0.2302	-1849.139584	False
24.0	0.0	0.029	3.318e-07	0.08544	-1907.795887	False
24.0	4.0	0.04206	0.02831	0.1322	-1904.066169	False
24.0	8.0	0.02486	0.01981	0.1307	-1897.269693	False
24.0	12.0	0.03987	0.05887	0.2741	-1889.155736	False
24.0	16.0	0.04305	0.06729	0.3186	-1882.200092	False
24.0	20.0	0.04493	0.06554	0.1566	-1868.551193	False
24.0	24.0	0.04385807219208511	0.05500717034729817	0.06792328035396351	-1866.0236672963465	True
24.0	28.0	0.04814	0.05582	0.07685	-1869.721562	False
24.0	32.0	0.05783	0.06819	0.09136	-1870.512021	False
24.0	36.0	0.05553	0.06424	0.08361	-1870.860439	False
24.0	40.0	0.05952	0.06784	0.08604	-1870.798287	False
24.0	44.0	0.0576	0.07028	0.1746	-1868.40694	False
24.0	48.0	0.08763	0.1415	0.269	-1863.059048	False
24.0	52.0	0.09279	0.1614	0.2989	-1861.220173	False
24.0	56.0	0.05966	0.102	0.1887	-1858.590086	False
24.0	60.0	0.05824	0.09916	0.1838	-1853.296254	False
28.0	0.0	0.02366	7.692e-09	0.08086	-1910.003304	False
28.0	4.0	0.04559	0.0231	0.1027	-1906.879653	False
28.0	8.0	0.02411	0.0288	0.1563	-1898.894101	False
28.0	12.0	0.03791	0.02947	0.2248	-1890.463332	False
28.0	16.0	0.04654	0.06896	0.3225	-1883.43636	False
28.0	20.0	0.03399	0.04225	0.113	-1870.529542	False
28.0	24.0	0.034941715089338674	0.03895700087714109	0.044121795039482485	-1866.4447667757222	True
28.0	28.0	0.03923	0.04362	0.06006	-1869.392663	False
28.0	32.0	0.0506	0.05803	0.07683	-1871.670411	False
28.0	36.0	0.05619	0.06441	0.08307	-1871.953659	False
28.0	40.0	0.06015	0.06789	0.0848	-1872.009347	False
28.0	44.0	0.06251	0.04429	0.1454	-1871.232092	False
28.0	48.0	0.06577	0.09397	0.1912	-1868.138278	False
28.0	52.0	0.0911	0.1562	0.2863	-1862.603415	False
28.0	56.0	0.07886	0.1349	0.2467	-1861.681242	False
28.0	60.0	0.06099	0.1028	0.1861	-1858.682031	False
32.0	0.0	0.02494	3.514e-07	0.07966	-1910.967595	False
32.0	4.0	0.04519	0.01423	0.08908	-1908.787687	False
32.0	8.0	0.0579	0.06014	0.246	-1900.903807	False
32.0	12.0	0.04263	0.01672	0.2252	-1892.227692	False
32.0	16.0	0.04045	0.03394	0.2196	-1884.874822	False
32.0	20.0	0.0281	0.02902	0.1343	-1872.199855	False
32.0	24.0	0.03208	0.03141	0.04359	-1866.609597	False
32.0	28.0	0.03593066500061828	0.036912037121564226	0.038685327862736624	-1868.6002634574759	True
32.0	32.0	0.04175	0.04637	0.06111	-1871.718152	False
32.0	36.0	0.05275	0.05972	0.07647	-1873.236001	False
32.0	40.0	0.05364	0.0601	0.07537	-1873.069951	False
32.0	44.0	0.06277	0.06954	0.08458	-1872.548336	False
32.0	48.0	0.04801	0.06153	0.1356	-1870.799036	False
32.0	52.0	0.07903	0.1224	0.2251	-1866.720474	False
32.0	56.0	0.09076	0.1555	0.2784	-1863.307452	False
32.0	60.0	0.0673	0.1133	0.2023	-1861.79693	False
36.0	0.0	0.06509	2.094e-08	0.08049	-1910.665758	False
36.0	4.0	0.05457	0.003973	0.07951	-1909.471646	False
36.0	8.0	0.07802	0.01512	0.1004	-1903.29202	False
36.0	12.0	0.03775	0.006485	0.1983	-1894.057001	False
36.0	16.0	0.03423	0.01877	0.1635	-1886.603865	False
36.0	20.0	0.02812	0.01843	0.1071	-1873.996468	False
36.0	24.0	0.029439499221706057	0.025172511997472214	0.06035900785554393	-1868.335931636447	True
36.0	28.0	0.03395	0.03384	0.0442	-1868.985088	False
36.0	32.0	0.03854525429393918	0.04057762794549556	0.04890642656689115	-1871.4177068902873	True
36.0	36.0	0.0438	0.04822	0.06137	-1873.638513	False
36.0	40.0	0.05435	0.06066	0.07548	-1874.576568	False
36.0	44.0	0.05198	0.05647	0.06878	-1873.937804	False
36.0	48.0	0.0548	0.06797	0.1485	-1872.421228	False
36.0	52.0	0.05121	0.07672	0.1456	-1869.75522	False
36.0	56.0	0.08913	0.1524	0.2716	-1864.296293	False
36.0	60.0	0.08192	0.1382	0.244	-1863.922607	False
40.0	0.0	0.07246	9.297e-07	0.08402	-1909.755922	False
40.0	4.0	0.09385	0.004236	0.07499	-1909.4393	False
40.0	8.0	0.09894	0.005032	0.07414	-1905.193073	False
40.0	12.0	0.04756	0.02713	0.2383	-1896.158677	False
40.0	16.0	0.03301	0.04005	0.1875	-1888.555086	False
40.0	20.0	0.03355	0.03489	0.1024	-1876.282873	False
40.0	24.0	0.02964	0.02941	0.09362	-1870.545986	False
40.0	28.0	0.02533	0.03375	0.1089	-1870.150233	False
40.0	32.0	0.03548	0.03575	0.04493	-1870.929523	False
40.0	36.0	0.04124	0.0452	0.05786	-1872.597786	False
40.0	40.0	0.04541	0.04942	0.06112	-1875.136047	False
40.0	44.0	0.05564	0.06109	0.07409	-1875.530421	False
40.0	48.0	0.0511	0.05384	0.06372	-1874.405066	False
40.0	52.0	0.05217	0.07102	0.139	-1872.554904	False
40.0	56.0	0.06019	0.09214	0.166	-1869.645805	False
40.0	60.0	0.09189	0.1546	0.2699	-1865.198558	False
44.0	0.0	0.06429	5.99e-07	0.09733	-1908.5433	False
44.0	4.0	0.05894	0.01788	0.07447	-1909.077104	False
44.0	8.0	0.06797	0.008602	0.06368	-1906.634097	False
44.0	12.0	0.03567	0.01418	0.1253	-1898.840332	False
44.0	16.0	0.03707482618688985	0.0485084458609083	0.1406963957299923	-1887.4323491857592	True
44.0	20.0	0.0498	0.05719	0.1408	-1878.247114	False
44.0	24.0	0.03062	0.03461	0.1365	-1872.012193	False
44.0	28.0	0.031615102929127205	0.037914763655875275	0.13581787304625753	-1870.7242331467442	True
44.0	32.0	0.02674	0.02615	0.03429	-1870.655326	False
44.0	36.0	0.03706	0.03764	0.04598	-1872.494996	False
44.0	40.0	0.03775	0.03999	0.04946	-1874.269137	False
44.0	44.0	0.04619	0.04971	0.06013	-1876.223867	False
44.0	48.0	0.05586	0.06037	0.07175	-1876.007339	False
44.0	52.0	0.04119	0.04021	0.1006	-1873.977192	False
44.0	56.0	0.04192	0.06179	0.1142	-1871.950561	False
44.0	60.0	0.06711	0.1107	0.1921	-1865.825702	False
48.0	0.0	0.0526	1.022e-06	0.0999	-1907.368128	False
48.0	4.0	0.04996	0.002751	0.06289	-1908.104097	False
48.0	8.0	0.03924	0.00549	0.05544	-1907.501334	False
48.0	12.0	0.03352	0.00808	0.08394	-1901.475893	False
48.0	16.0	0.03338	0.04787	0.08429	-1886.762354	False
48.0	20.0	0.0362	0.02977	0.1097	-1881.051181	False
48.0	24.0	0.03276	0.03652	0.147	-1873.758479	False
48.0	28.0	0.0558	0.07039	0.2275	-1872.786921	False
48.0	32.0	0.039397052310102175	0.04702617306108574	0.11605248022556006	-1871.9114427578525	True
48.0	36.0	0.02771	0.02711	0.03398	-1872.407189	False
48.0	40.0	0.03145798546228299	0.031017054327347228	0.035381442788558634	-1873.994070073361	True
48.0	44.0	0.03802	0.03968	0.04779	-1875.595441	False
48.0	48.0	0.04698	0.05023	0.05995	-1876.833293	False
48.0	52.0	0.05755	0.03907	0.1169	-1875.752417	False
48.0	56.0	0.04363	0.06429	0.1165	-1872.940685	False
48.0	60.0	0.04219	0.0647	0.1158	-1871.18153	False
52.0	0.0	0.04284	6.875e-08	0.06949	-1906.767217	False
52.0	4.0	0.05237	0.02076	0.06463	-1907.045867	False
52.0	8.0	0.03205	0.006315	0.05194	-1907.300371	False
52.0	12.0	0.0309	0.004573	0.06141	-1903.412763	False
52.0	16.0	0.02945	0.03418	0.1597	-1895.032838	False
52.0	20.0	0.03032	0.01769	0.0622	-1884.183434	False
52.0	24.0	0.0393	0.05565	0.1278	-1876.105316	False
52.0	28.0	0.05161	0.0829	0.2233	-1874.336672	False
52.0	32.0	0.03870075916495019	0.054919248835580844	0.13753070225403552	-1872.149088785681	True
52.0	36.0	0.02083	0.02015	0.02713	-1871.644516	False
52.0	40.0	0.02867	0.02791	0.03371	-1873.833336	False
52.0	44.0	0.033635737161538136	0.03200870223774671	0.05127395215973307	-1875.440201773486	True
52.0	48.0	0.03683	0.0308	0.08394	-1876.487999	False
52.0	52.0	0.04189	0.04183	0.09724	-1876.880063	False
52.0	56.0	0.04263	0.05198	0.1044	-1874.829719	False
52.0	60.0	0.03592	0.05509	0.09849	-1872.798264	False
56.0	0.0	0.06923	5.351e-07	0.05858	-1906.117253	False
56.0	4.0	0.07051	0.002094	0.0596	-1906.331334	False
56.0	8.0	0.06219	0.03446	0.07444	-1906.242732	False
56.0	12.0	0.03514	0.005231	0.05092	-1904.367045	False
56.0	16.0	0.02991	0.0005449	0.07705	-1897.373364	False
56.0	20.0	0.03315	0.02839	0.09296	-1887.11478	False
56.0	24.0	0.01675	0.01475	0.08955	-1880.278838	False
56.0	28.0	0.03338774236869829	0.052167000093248386	0.1399100744567237	-1874.5614337686532	True
56.0	32.0	0.03606886697798335	0.05383402085986437	0.1311404791579997	-1871.504530350726	True
56.0	36.0	0.01816	0.01769	0.02528	-1870.528138	False
56.0	40.0	0.02154	0.02064	0.02639	-1873.275891	False
56.0	44.0	0.02964	0.02859	0.03343	-1875.117859	False
56.0	48.0	0.03191184758473442	0.030895588208412567	0.05596233005203063	-1876.406710710164	True
56.0	52.0	0.03461	0.03511	0.07886	-1877.460301	False
56.0	56.0	0.03954	0.04496	0.0916	-1877.380832	False
56.0	60.0	0.04369	0.06865	0.1178	-1873.661998	False
60.0	0.0	0.03789	4.358e-07	0.05274	-1905.740587	False
60.0	4.0	0.02624	0.01392	0.05509	-1906.023242	False
60.0	8.0	0.03048	0.003709	0.05638	-1905.861613	False
60.0	12.0	0.06119	0.0343	0.0666	-1904.57322	False
60.0	16.0	0.04866	0.01187	0.05483	-1899.5124	False
60.0	20.0	0.04068	0.02222	0.03829	-1888.344867	False
60.0	24.0	0.01529	0.0164	0.06302	-1882.93848	False
60.0	28.0	0.02731	0.03953	0.0719	-1874.340147	False
60.0	32.0	0.04698	0.07217	0.1882	-1872.258798	False
60.0	36.0	0.03188258320345854	0.04249851494759639	0.10519587924109235	-1871.0082170292662	True
60.0	40.0	0.01814	0.01742	0.02361	-1872.114136	False
60.0	44.0	0.02195	0.02085	0.02565	-1874.543242	False
60.0	48.0	0.02884	0.02776	0.03211	-1875.937036	False
60.0	52.0	0.03141033079143283	0.02995311595210315	0.061004789839709084	-1877.3286437318575	True
60.0	56.0	0.03379	0.03933	0.07765	-1877.683824	False
60.0	60.0	0.0331	0.05154	0.08825	-1874.216266	False
64.0	0.0	0.02248	4.027e-07	0.0457	-1905.103576	False
64.0	4.0	0.03711	0.0201	0.05432	-1905.288846	False
64.0	8.0	0.05345	0.001805	0.06924	-1905.432662	False
64.0	12.0	0.04177	0.01605	0.05427	-1905.228841	False
64.0	16.0	0.05691	0.03072	0.0672	-1901.42711	False
64.0	20.0	0.08126	0.03849	0.04083	-1888.497962	False
64.0	24.0	0.02393	0.02476	0.09216	-1884.757578	False
64.0	28.0	0.01491	0.02046	0.04211	-1877.233884	False
64.0	32.0	0.04447	0.06591	0.1743	-1874.218627	False
64.0	36.0	0.04254164425164787	0.05810333646738859	0.14389289431792518	-1871.197079497695	True
64.0	40.0	0.01912	0.01834	0.02486	-1870.695678	False
64.0	44.0	0.01805	0.01694	0.0223	-1873.424984	False
64.0	48.0	0.02709	0.00551	0.0598	-1875.467783	False
64.0	52.0	0.02669	0.01998	0.06276	-1876.252514	False
64.0	56.0	0.02859	0.03587	0.06887	-1876.617467	False
64.0	60.0	0.02497	0.03821	0.0661	-1874.578744	False
68.0	0.0	0.01275	1.928e-06	0.04138	-1903.969984	False
68.0	4.0	0.01974	0.007933	0.04479	-1904.136488	False
68.0	8.0	0.06999	0.0001671	0.07224	-1904.603279	False
68.0	12.0	0.01049	0.001085	0.04219	-1905.886963	False
68.0	16.0	0.05003	0.02924	0.05426	-1903.312988	False
68.0	20.0	0.03321	0.02085	0.06462	-1896.004477	False
68.0	24.0	0.05789	0.02666	0.03094	-1886.905146	False
68.0	28.0	0.01947	0.02653	0.05255	-1881.00293	False
68.0	32.0	0.04092	0.03975	0.09456	-1876.338301	False
68.0	36.0	0.04986	0.07108	0.1584	-1871.212813	False
68.0	40.0	0.03118325530153864	0.042098504018292994	0.07047709596221839	-1870.0389615594822	True
68.0	44.0	0.01861	0.01729	0.02305	-1872.102905	False
68.0	48.0	0.02133	0.004907	0.04928	-1874.602464	False
68.0	52.0	0.02126	0.01334	0.04881	-1876.369292	False
68.0	56.0	0.02553	0.02496	0.05911	-1876.807579	False
68.0	60.0	0.02803	0.03709	0.06685	-1877.428146	False
72.0	0.0	0.013788923313693167	-0.0008620010461093883	0.0366117477856054	-1902.872702045511	True
72.0	4.0	0.01385	0.004025	0.04048	-1902.513085	False
72.0	8.0	0.08598	0.006154	0.05716	-1903.448228	False
72.0	12.0	0.07039	0.001834	0.04019	-1905.548356	False
72.0	16.0	0.02553	0.01357	0.03939	-1904.838662	False
72.0	20.0	0.02987	0.03101	0.08539	-1898.697017	False
72.0	24.0	0.0421	0.04139	0.09945	-1890.058819	False
72.0	28.0	0.07784	0.02396	0.03243	-1882.514192	False
72.0	32.0	0.0247	0.02613	0.06011	-1878.597383	False
72.0	36.0	0.033818273976744376	0.051953336541958064	0.10253361615597263	-1872.440560701036	True
72.0	40.0	0.03822441922970507	0.047254924406615585	0.08462296283202704	-1869.7512033281719	True
72.0	44.0	0.02196	0.02034	0.02543	-1870.61053	False
72.0	48.0	0.0194	0.007289	0.04755	-1873.184664	False
72.0	52.0	0.01671	0.01142	0.04001	-1875.399436	False
72.0	56.0	0.026909030663855645	0.033410849797311876	0.06970368147767178	-1875.0090132414753	True
72.0	60.0	0.02339	0.03274	0.0632	-1874.402907	False
76.0	0.0	0.03816	3.404e-07	0.0381	-1902.557495	False
76.0	4.0	0.02969429761924487	0.0028363681816282738	0.043226133300617066	-1901.7244075391081	True
76.0	8.0	0.05519	0.002598	0.05005	-1901.822414	False
76.0	12.0	0.08421	0.01331	0.043	-1904.35408	False
76.0	16.0	0.04024	0.02246	0.04352	-1905.400984	False
76.0	20.0	0.0216	0.01739	0.04927	-1901.039429	False
76.0	24.0	0.04138	0.03362	0.07133	-1892.964753	False
76.0	28.0	0.02402	0.01196	0.02661	-1884.314481	False
76.0	32.0	0.02841	0.03532	0.0835	-1880.672483	False
76.0	36.0	0.02814	0.04029	0.06234	-1873.148782	False
76.0	40.0	0.04934	0.05175	0.1218	-1870.222457	False
76.0	44.0	0.03255153344298739	0.03337140717390525	0.07814215083303369	-1869.6904831114296	True
76.0	48.0	0.02089715202972504	0.020872012155053497	0.055568373206833534	-1870.6410378231253	True
76.0	52.0	0.02907	0.0435	0.08752	-1871.583017	False
76.0	56.0	0.04015	0.06229	0.1192	-1872.827515	False
76.0	60.0	0.03365	0.05032	0.1067	-1874.714816	False
80.0	0.0	0.04394	8.229e-09	0.03706	-1903.582663	False
80.0	4.0	0.03164	0.003421	0.04222	-1902.333893	False
80.0	8.0	0.03192678057941716	0.000990921634438046	0.04481184949109758	-1901.4987076805035	True
80.0	12.0	0.05162	0.01335	0.04684	-1902.759933	False
80.0	16.0	0.08063	0.05037	0.06144	-1904.965957	False
80.0	20.0	0.02901	0.02042	0.04339	-1902.747707	False
80.0	24.0	0.04846	0.04637	0.1027	-1895.744499	False
80.0	28.0	0.03945	0.04525	0.1016	-1888.327008	False
80.0	32.0	0.03133	0.03453	0.07458	-1882.608066	False
80.0	36.0	0.02778	0.02852	0.05593	-1876.507106	False
80.0	40.0	0.03194	0.05272	0.1223	-1872.246597	False
80.0	44.0	0.03233525052931999	0.045905656620129257	0.10620406123320036	-1869.4092315584546	True
80.0	48.0	0.01565	0.01913	0.04629	-1869.389825	False
80.0	52.0	0.02248	0.03032	0.07567	-1871.310455	False
80.0	56.0	0.0318	0.04815	0.09313	-1873.262245	False
80.0	60.0	0.02924	0.0481	0.09198	-1875.02957	False
84.0	0.0	0.04845	1.173e-07	0.0354	-1904.910003	False
84.0	4.0	0.03309	0.00315	0.03833	-1903.161051	False
84.0	8.0	0.019542272184218574	0.002726554491321264	0.043143827189451894	-1901.1414161035818	True
84.0	12.0	0.02487	0.01398	0.05332	-1901.321378	False
84.0	16.0	0.07354	0.04525	0.0577	-1903.665077	False
84.0	20.0	0.04369	0.03234	0.05162	-1903.550817	False
84.0	24.0	0.04773	0.0349	0.07272	-1898.132655	False
84.0	28.0	0.03888	0.03757	0.07323	-1890.788827	False
84.0	32.0	0.04199	0.0427	0.08715	-1884.526582	False
84.0	36.0	0.0265	0.02876	0.05876	-1878.674472	False
84.0	40.0	0.03746	0.0673	0.1498	-1873.948961	False
84.0	44.0	0.04061	0.06237	0.1335	-1869.429154	False
84.0	48.0	0.019301489053699335	0.02785585949588352	0.06496171760907063	-1869.2443220448647	True
84.0	52.0	0.02059661733203157	0.025625989578381806	0.06010102173170803	-1871.4100793781067	True
84.0	56.0	0.035186845249145754	0.045614311966353495	0.09044023022265765	-1873.5960308574433	True
84.0	60.0	0.02067	0.03233	0.0636	-1874.777573	False
88.0	0.0	0.04222	1.075e-07	0.03328	-1906.211927	False
88.0	4.0	0.03759	0.003472	0.03614	-1904.130052	False
88.0	8.0	0.02493	0.00694	0.03873	-1900.617873	False
88.0	12.0	0.0212855645704183	0.012018047907836595	0.04743742471511594	-1900.1386294715828	True
88.0	16.0	0.04022	0.02517	0.05216	-1901.941967	False
88.0	20.0	0.05183	0.03767	0.05396	-1903.411879	False
88.0	24.0	0.04937	0.02772	0.04834	-1900.026367	False
88.0	28.0	0.05664	0.06458	0.1154	-1893.334878	False
88.0	32.0	0.04296	0.04005	0.08742	-1886.790919	False
88.0	36.0	0.03933242877770099	0.03918444432168518	0.08299838016566047	-1880.708621421984	True
88.0	40.0	0.0374	0.05146	0.105	-1875.592572	False
88.0	44.0	0.03057	0.05368	0.1184	-1871.470183	False
88.0	48.0	0.012470073091064491	0.02249641947566009	0.05634729731787331	-1869.6470994361723	True
88.0	52.0	0.013	0.0158	0.03708	-1871.531039	False
88.0	56.0	0.05305	0.0642	0.1263	-1873.898102	False
88.0	60.0	0.03379	0.04945	0.1015	-1875.091196	False
92.0	0.0	0.04641	3.35e-08	0.03204	-1907.703414	False
92.0	4.0	0.0403	0.002395	0.03659	-1905.176606	False
92.0	8.0	0.02647	0.008623	0.03597	-1901.048958	False
92.0	12.0	0.018284635208531373	0.009671212424490629	0.043458289223551765	-1899.4311084634935	True
92.0	16.0	0.02328	0.01593	0.05219	-1900.41997	False
92.0	20.0	0.04834	0.03279	0.04839	-1902.407546	False
92.0	24.0	0.05263	0.03015	0.04663	-1901.199868	False
92.0	28.0	0.05524	0.05233	0.08155	-1895.72578	False
92.0	32.0	0.04487	0.0343	0.06816	-1889.466295	False
92.0	36.0	0.05199	0.04743	0.09516	-1882.883858	False
92.0	40.0	0.03868	0.03278	0.0527	-1877.50483	False
92.0	44.0	0.04711	0.06483	0.1323	-1873.105402	False
92.0	48.0	0.01384	0.01773	0.04579	-1869.576799	False
92.0	52.0	0.007731015541356311	0.008537551720811502	0.027381943238189918	-1871.1440545827277	True
92.0	56.0	0.02382283235031176	0.029183022888776312	0.06487423768085349	-1873.4706075624038	True
92.0	60.0	0.02298	0.03223	0.07331	-1874.915035	False
96.0	0.0	0.06355	5.31e-07	0.03241	-1909.198219	False
96.0	4.0	0.04414	0.005119	0.03439	-1906.445295	False
96.0	8.0	0.02819	0.009329	0.03258	-1901.790936	False
96.0	12.0	0.02218048601607153	0.01037398810591398	0.03882650970569874	-1899.0956885446374	True
96.0	16.0	0.02844	0.0169	0.04886	-1899.259358	False
96.0	20.0	0.04055	0.02747	0.04829	-1900.87615	False
96.0	24.0	0.05466	0.03255	0.04455	-1901.547774	False
96.0	28.0	0.05876	0.0465	0.06231	-1897.731907	False
96.0	32.0	0.06219	0.05371	0.09868	-1892.12957	False
96.0	36.0	0.03834	0.02874	0.05359	-1885.780732	False
96.0	40.0	0.03605	0.03431	0.05969	-1879.510869	False
96.0	44.0	0.05398	0.05392	0.09673	-1874.763398	False
96.0	48.0	0.03766117526467619	0.03913141708505733	0.0793281050144673	-1871.2582134559932	True
96.0	52.0	0.01445	0.0169	0.04571	-1871.680778	False
96.0	56.0	0.0125	0.01452	0.03769	-1873.310112	False
96.0	60.0	0.01464	0.01877	0.03904	-1874.454461	False
100.0	0.0	0.06918	1.564e-07	0.03243	-1910.487014	False
100.0	4.0	0.05095	0.009517	0.03233	-1907.890367	False
100.0	8.0	0.02814	0.01018	0.03184	-1902.680603	False
100.0	12.0	0.0247	0.00998	0.03267	-1898.83958	False
100.0	16.0	0.026514224691148752	0.015492039381519	0.042703537229786634	-1898.225395269889	True
100.0	20.0	0.0345	0.02498	0.04885	-1899.370092	False
100.0	24.0	0.05721	0.03567	0.04499	-1901.106004	False
100.0	28.0	0.05796	0.04478	0.05902	-1899.049404	False
100.0	32.0	0.05756	0.03858	0.05198	-1894.461866	False
100.0	36.0	0.0466	0.03938	0.07228	-1888.658598	False
100.0	40.0	0.04601	0.04317	0.08029	-1881.68845	False
100.0	44.0	0.03458	0.02504	0.03957	-1876.705456	False
100.0	48.0	0.05727	0.05917	0.11	-1872.293266	False
100.0	52.0	0.043068077384980426	0.04840631469370871	0.09841396438084213	-1871.8718141159504	True
100.0	56.0	0.04238	0.04989	0.1065	-1873.313779	False
100.0	60.0	0.03682	0.03603	0.08551	-1876.250178	False
104.0	0.0	0.06745	1.24e-07	0.03038	-1911.511956	False
104.0	4.0	0.05544	0.01192	0.03149	-1909.108361	False
104.0	8.0	0.02854	0.01138	0.0323	-1903.60617	False
104.0	12.0	0.02321	0.009122	0.03012	-1899.181303	False
104.0	16.0	0.025273916948218116	0.013009228322371343	0.03642640812800925	-1898.165116629221	True
104.0	20.0	0.036621147996128034	0.024618502418244127	0.04510788882381446	-1898.8765519962567	True
104.0	24.0	0.05594	0.03859	0.05057	-1900.110545	False
104.0	28.0	0.05519	0.03969	0.05218	-1899.639093	False
104.0	32.0	0.07204	0.05125	0.05672	-1896.216563	False
104.0	36.0	0.04655	0.03709	0.06646	-1891.281954	False
104.0	40.0	0.05578	0.04737	0.09066	-1884.324	False
104.0	44.0	0.03116	0.03326	0.05849	-1878.706299	False
104.0	48.0	0.04449	0.0437	0.07812	-1874.155425	False
104.0	52.0	0.036090240483498265	0.03761377909183423	0.07568358301674144	-1873.0499145361389	True
104.0	56.0	0.02861	0.0302	0.06413	-1874.359517	False
104.0	60.0	0.0404	0.04472	0.1017	-1875.746537	False
108.0	0.0	0.06601	4.919e-07	0.0281	-1912.102434	False
108.0	4.0	0.05367	0.01152	0.02978	-1909.860837	False
108.0	8.0	0.03095	0.01055	0.0305	-1904.524099	False
108.0	12.0	0.02171	0.008022	0.02781	-1899.855907	False
108.0	16.0	0.02145	0.008638	0.03055	-1898.782921	False
108.0	20.0	0.02758999674722482	0.017669996263080443	0.03873817538279477	-1898.5279111160467	True
108.0	24.0	0.03693	0.02721	0.04505	-1898.852942	False
108.0	28.0	0.05359	0.03654	0.04741	-1899.565175	False
108.0	32.0	0.06475	0.04779	0.05322	-1897.144033	False
108.0	36.0	0.03001	0.01637	0.02631	-1893.588533	False
108.0	40.0	0.02178	0.01302	0.02892	-1887.340647	False
108.0	44.0	0.05664	0.0523	0.08607	-1880.901901	False
108.0	48.0	0.01274	0.01036	0.02485	-1876.169104	False
108.0	52.0	0.024699475746044197	0.026471257174731207	0.06184867782755435	-1874.2941048013633	True
108.0	56.0	0.03926	0.04236	0.09671	-1874.993404	False
108.0	60.0	0.03353	0.03605	0.07453	-1876.304673	False
112.0	0.0	0.06345	1.172e-06	0.02627	-1912.267072	False
112.0	4.0	0.04973	0.008907	0.02735	-1910.133967	False
112.0	8.0	0.03148	0.008754	0.02777	-1905.353943	False
112.0	12.0	0.02143	0.007897	0.02644	-1900.693625	False
112.0	16.0	0.01624	0.007043	0.02729	-1899.043505	False
112.0	20.0	0.01952153977444743	0.011656572427317966	0.032116769345893526	-1898.3023923130054	True
112.0	24.0	0.02706628120599537	0.018250521640769124	0.035469971281367925	-1898.510213943255	True
112.0	28.0	0.04572	0.02959	0.03991	-1898.995472	False
112.0	32.0	0.05667	0.03868	0.04772	-1897.458605	False
112.0	36.0	0.03893	0.02378	0.02891	-1895.307603	False
112.0	40.0	0.03063	0.02084	0.0387	-1890.283921	False
112.0	44.0	0.05385	0.04654	0.08133	-1883.579185	False
112.0	48.0	0.04033	0.03956	0.06112	-1878.057116	False
112.0	52.0	0.03888494992744909	0.044697427405753505	0.08913037565200153	-1875.1693756012844	True
112.0	56.0	0.04482	0.05489	0.1262	-1875.002827	False
112.0	60.0	0.03496	0.03632	0.07844	-1877.296705	False
116.0	0.0	0.05677	8.055e-07	0.02492	-1912.212704	False
116.0	4.0	0.0419	0.006135	0.02561	-1910.137803	False
116.0	8.0	0.03132	0.00827	0.02598	-1906.071394	False
116.0	12.0	0.01953	0.008349	0.02599	-1901.609355	False
116.0	16.0	0.01675	0.007503	0.02507	-1899.34354	False
116.0	20.0	0.01792	0.009702	0.02852	-1898.03726	False
116.0	24.0	0.018467321992937144	0.012269623305365466	0.030188377514825872	-1897.8452857388916	True
116.0	28.0	0.03007	0.01988	0.03424	-1898.066446	False
116.0	32.0	0.06079	0.03713	0.04481	-1897.781807	False
116.0	36.0	0.04035	0.02745	0.03343	-1896.332377	False
116.0	40.0	0.03144	0.02062	0.03445	-1892.76102	False
116.0	44.0	0.02506	0.01676	0.03199	-1886.563917	False
116.0	48.0	0.05536	0.05254	0.0826	-1880.227501	False
116.0	52.0	0.045019166971600244	0.04720161592317908	0.08227461945900878	-1876.4619353314338	True
116.0	56.0	0.03814	0.04383	0.0939	-1876.244865	False
116.0	60.0	0.03896	0.04295	0.09848	-1877.6272	False
120.0	0.0	0.03207	1.867e-08	0.02443	-1912.247669	False
120.0	4.0	0.03091	0.005276	0.02523	-1910.141699	False
120.0	8.0	0.02462	0.007698	0.02484	-1906.726628	False
120.0	12.0	0.01917	0.008791	0.02532	-1902.604687	False
120.0	16.0	0.01792	0.008113	0.02345	-1899.875599	False
120.0	20.0	0.01796	0.008748	0.02552	-1898.345802	False
120.0	24.0	0.016475593173704513	0.011431720926153303	0.029396970067898327	-1897.1516640126351	True
120.0	28.0	0.02641	0.01885	0.03511	-1897.008974	False
120.0	32.0	0.0486	0.02968	0.03942	-1897.568991	False
120.0	36.0	0.03499	0.02486	0.0329	-1896.608348	False
120.0	40.0	0.03844	0.02074	0.02422	-1894.716972	False
120.0	44.0	0.03378	0.02105	0.03274	-1889.51223	False
120.0	48.0	0.04385	0.04056	0.06896	-1882.914195	False
120.0	52.0	0.03349	0.02989	0.04518	-1877.736082	False
120.0	56.0	0.0213	0.01257	0.04488	-1877.656634	False
120.0	60.0	0.04816	0.06034	0.1233	-1877.944443	False
124.0	0.0	0.02087	1.087e-07	0.02392	-1912.525991	False
124.0	4.0	0.02443	0.00486	0.02395	-1910.278488	False
124.0	8.0	0.02539	0.008497	0.02393	-1907.473905	False
124.0	12.0	0.01958	0.008827	0.02405	-1903.635404	False
124.0	16.0	0.01958	0.008864	0.02245	-1900.601855	False
124.0	20.0	0.0198	0.009286	0.02364	-1898.664619	False
124.0	24.0	0.0175	0.01206	0.02831	-1896.610587	False
124.0	28.0	0.02413870945373785	0.016036117677474898	0.031432660915977614	-1896.386987785327	True
124.0	32.0	0.02975	0.01654	0.02868	-1896.978388	False
124.0	36.0	0.028194098482650205	0.016922763104430107	0.025419443483749797	-1896.900712698388	True
124.0	40.0	0.0445	0.02672	0.02924	-1895.941252	False
124.0	44.0	0.04671	0.03192	0.04289	-1892.043622	False
124.0	48.0	0.02872	0.01945	0.03034	-1885.856372	False
124.0	52.0	0.04294	0.04379	0.07149	-1879.677767	False
124.0	56.0	0.034113338539719595	0.0332315849979085	0.061534101974854226	-1877.6670946132033	True
124.0	60.0	0.03132214104463733	0.03893798142591682	0.07864880934640797	-1876.5868999643267	True
128.0	0.0	0.02246	1.292e-07	0.02297	-1912.864261	False
128.0	4.0	0.02787	0.004567	0.02231	-1910.494567	False
128.0	8.0	0.0302	0.009684	0.02297	-1908.263474	False
128.0	12.0	0.01995	0.008969	0.02325	-1904.661247	False
128.0	16.0	0.02008	0.00891	0.02196	-1901.391412	False
128.0	20.0	0.01715	0.008013	0.02164	-1899.08396	False
128.0	24.0	0.01794	0.01137	0.02576	-1896.847484	False
128.0	28.0	0.02151811794731169	0.014115930299503672	0.028818319592396942	-1896.0069470251567	True
128.0	32.0	0.02075	0.0128	0.0274	-1896.161802	False
128.0	36.0	0.009553	0.005391	0.01957	-1896.388849	False
128.0	40.0	0.04055	0.02761	0.03317	-1896.298742	False
128.0	44.0	0.04787	0.02818	0.02845	-1894.168572	False
128.0	48.0	0.04186	0.02684	0.03388	-1888.793798	False
128.0	52.0	0.0358	0.03442	0.0575	-1882.297796	False
128.0	56.0	0.0362	0.03729	0.05407	-1878.524742	False
128.0	60.0	0.01182	0.01513	0.03274	-1875.591581	False
132.0	0.0	0.02283	2.249e-08	0.02192	-1913.183235	False
132.0	4.0	0.02895	0.004499	0.02166	-1910.686489	False
132.0	8.0	0.02997	0.009296	0.02184	-1908.884535	False
132.0	12.0	0.02314	0.009249	0.0223	-1905.735719	False
132.0	16.0	0.01938	0.008136	0.02119	-1902.266976	False
132.0	20.0	0.01648	0.007592	0.02018	-1899.647236	False
132.0	24.0	0.01907	0.01124	0.02388	-1897.188446	False
132.0	28.0	0.017521231909587914	0.01128067600020974	0.025270719291233954	-1895.7718280538143	True
132.0	32.0	0.013610778294584727	0.00840085601846463	0.023132268858387966	-1895.621578495427	True
132.0	36.0	0.01137	0.007066	0.02103	-1896.041699	False
132.0	40.0	0.03551	0.02699	0.03588	-1895.943415	False
132.0	44.0	0.0483	0.03001	0.02989	-1895.623804	False
132.0	48.0	0.05048	0.03761	0.0487	-1891.406752	False
132.0	52.0	0.03601	0.02435	0.03098	-1885.264017	False
132.0	56.0	0.02538	0.02873	0.05286	-1879.083096	False
132.0	60.0	0.0125	0.01342	0.02847	-1877.605334	False
136.0	0.0	0.02166	2.232e-07	0.02097	-1913.454761	False
136.0	4.0	0.02835	0.005633	0.022	-1910.930145	False
136.0	8.0	0.02896	0.007667	0.02023	-1909.251164	False
136.0	12.0	0.02884	0.009803	0.02117	-1906.881051	False
136.0	16.0	0.02352	0.009295	0.02076	-1903.303721	False
136.0	20.0	0.02172	0.009529	0.02002	-1900.337815	False
136.0	24.0	0.01688	0.009437	0.02151	-1897.601052	False
136.0	28.0	0.01486	0.00939	0.02249	-1895.56259	False
136.0	32.0	0.018002285252161316	0.012375979374497914	0.025274410511978877	-1895.0481966263765	True
136.0	36.0	0.02277	0.01599	0.02754	-1895.335296	False
136.0	40.0	0.025503567070886562	0.017334808365927705	0.026445602831836293	-1895.8980458423102	True
136.0	44.0	0.03449	0.02254	0.02629	-1896.164843	False
136.0	48.0	0.0501	0.03243	0.03371	-1893.664006	False
136.0	52.0	0.04047	0.02893	0.03642	-1888.234077	False
136.0	56.0	0.03675	0.03248	0.05018	-1881.96137	False
136.0	60.0	0.02383	0.02156	0.03479	-1879.203704	False
140.0	0.0	0.01991	3.231e-07	0.02016	-1913.667245	False
140.0	4.0	0.02881	0.005895	0.02144	-1911.250181	False
140.0	8.0	0.02554	0.005921	0.01879	-1909.536224	False
140.0	12.0	0.02359	0.007371	0.01937	-1908.034353	False
140.0	16.0	0.02684	0.0101	0.02012	-1904.550393	False
140.0	20.0	0.02435	0.01038	0.01982	-1901.168529	False
140.0	24.0	0.01739	0.008743	0.01979	-1898.144857	False
140.0	28.0	0.01784	0.01061	0.02173	-1895.767946	False
140.0	32.0	0.022130420148880767	0.016114483582050147	0.02737889073117913	-1894.6519714472765	True
140.0	36.0	0.02613	0.01946	0.03031	-1894.590731	False
140.0	40.0	0.01874	0.007831	0.01818	-1895.340053	False
140.0	44.0	0.03567298119703068	0.016692940635607743	0.023279815211962745	-1896.2563634015685	True
140.0	48.0	0.04695	0.03092	0.03198	-1895.306305	False
140.0	52.0	0.05068	0.04279	0.05759	-1890.904446	False
140.0	56.0	0.03546	0.02376	0.02752	-1884.914239	False
140.0	60.0	0.03775	0.02935	0.04778	-1880.709534	False
144.0	0.0	0.01815	2.959e-07	0.01944	-1913.86098	False
144.0	4.0	0.02904	0.005355	0.02048	-1911.585444	False
144.0	8.0	0.01444	0.002492	0.01737	-1909.786919	False
144.0	12.0	0.01745	0.004468	0.01785	-1909.026226	False
144.0	16.0	0.02557	0.009165	0.01915	-1905.963681	False
144.0	20.0	0.02297	0.009702	0.01914	-1902.180023	False
144.0	24.0	0.02227	0.009933	0.01909	-1898.876667	False
144.0	28.0	0.01871	0.01077	0.02082	-1896.120355	False
144.0	32.0	0.019208924088132306	0.013552361333762754	0.023895604269589196	-1894.5490548316152	True
144.0	36.0	0.020813973978394094	0.015871324941125947	0.02492700322836844	-1894.1778678138892	True
144.0	40.0	0.02591	0.01243	0.02055	-1894.99293	False
144.0	44.0	0.0515	0.01805	0.03287	-1896.107407	False
144.0	48.0	0.05662683000228452	0.03217655164707238	0.043737604884628925	-1895.6336199082866	True
144.0	52.0	0.04999	0.03781	0.04372	-1893.269693	False
144.0	56.0	0.03828	0.03033	0.03922	-1887.868872	False
144.0	60.0	0.03008	0.02563	0.03095	-1885.214843	False
148.0	0.0	0.01672	7.424e-08	0.01878	-1914.023624	False
148.0	4.0	0.02949	0.004784	0.01954	-1911.894179	False
148.0	8.0	0.0133	0.001923	0.01681	-1909.794473	False
148.0	12.0	0.01599	0.003586	0.01725	-1909.648368	False
148.0	16.0	0.02224	0.007434	0.01817	-1907.343668	False
148.0	20.0	0.02097	0.008998	0.0184	-1903.374275	False
148.0	24.0	0.02381	0.01033	0.01859	-1899.798474	False
148.0	28.0	0.01849	0.0101	0.01964	-1896.626752	False
148.0	32.0	0.01647	0.009401	0.01952	-1894.683982	False
148.0	36.0	0.019157634645300563	0.015343449467664999	0.024295582723492547	-1893.904848099985	True
148.0	40.0	0.02772	0.01793	0.02573	-1894.400549	False
148.0	44.0	0.04678	0.01031	0.01991	-1896.258788	False
148.0	48.0	0.05785	0.03141	0.05215	-1895.103749	False
148.0	52.0	0.04071	0.03084	0.03538	-1895.100993	False
148.0	56.0	0.05256	0.04958	0.06742	-1890.575577	False
148.0	60.0	0.027378902445216013	0.02277056832417874	0.03038290672100735	-1886.822091940734	True
152.0	0.0	0.01558	1.948e-08	0.01815	-1914.152151	False
152.0	4.0	0.02967	0.004189	0.0187	-1912.170579	False
152.0	8.0	0.020228400706243266	0.0030859144661892456	0.017226653430689368	-1910.5860376816963	True
152.0	12.0	0.01404	0.00299	0.0168	-1910.011952	False
152.0	16.0	0.01902	0.006038	0.0175	-1908.44625	False
152.0	20.0	0.02337	0.01023	0.01848	-1904.707056	False
152.0	24.0	0.0213	0.009696	0.01812	-1900.844242	False
152.0	28.0	0.02076	0.01033	0.01897	-1897.321769	False
152.0	32.0	0.01921	0.01036	0.01897	-1895.026337	False
152.0	36.0	0.019607370152733186	0.014245252860425191	0.023462500034576943	-1893.831285433253	True
152.0	40.0	0.02691	0.01929	0.02711	-1893.919196	False
152.0	44.0	0.03411	0.01632	0.02229	-1894.538449	False
152.0	48.0	0.04912	0.01712	0.03444	-1896.101095	False
152.0	52.0	0.053329794321460955	0.033447286743904805	0.04727375936326951	-1895.6148683871647	True
152.0	56.0	0.05189	0.04536	0.05485	-1893.063885	False
152.0	60.0	0.02378	0.01537	0.02222	-1887.88156	False
156.0	0.0	0.01451	1.037e-07	0.01756	-1914.257136	False
156.0	4.0	0.02932	0.003457	0.01796	-1912.42981	False
156.0	8.0	0.02466629326421879	0.0036314183631388185	0.017140713651021357	-1910.830935125391	True
156.0	12.0	0.01124	0.002648	0.01653	-1910.226914	False
156.0	16.0	0.01649	0.005199	0.01706	-1909.280782	False
156.0	20.0	0.02721	0.01179	0.01881	-1906.089335	False
156.0	24.0	0.02016	0.009886	0.01811	-1902.008003	False
156.0	28.0	0.02188	0.01059	0.01865	-1898.242249	False
156.0	32.0	0.01927	0.009902	0.01798	-1895.539715	False
156.0	36.0	0.01699	0.009966	0.01939	-1893.796457	False
156.0	40.0	0.02220398691400482	0.01657626633072501	0.024278958167284946	-1893.4203201949806	True
156.0	44.0	0.03054	0.01812	0.02471	-1894.330687	False
156.0	48.0	0.0396	0.005984	0.01938	-1896.458248	False
156.0	52.0	0.05443	0.0294	0.05274	-1895.219631	False
156.0	56.0	0.06612447897578992	0.05285973174252983	0.07933461586991318	-1893.110238858197	True
156.0	60.0	0.05538	0.05372	0.07113	-1890.447256	False
160.0	0.0	0.01363	1.092e-07	0.01702	-1914.338955	False
160.0	4.0	0.02876	0.00266	0.01731	-1912.669835	False
160.0	8.0	0.03363	0.004892	0.01698	-1910.677288	False
160.0	12.0	0.02302	0.006186	0.01803	-1910.376029	False
160.0	16.0	0.01878	0.006036	0.01721	-1909.923375	False
160.0	20.0	0.01876	0.008111	0.0169	-1907.388108	False
160.0	24.0	0.02496	0.01219	0.01872	-1903.322873	False
160.0	28.0	0.01876	0.0096	0.01798	-1899.31689	False
160.0	32.0	0.01856	0.009	0.01692	-1896.210333	False
160.0	36.0	0.01799	0.009294	0.0177	-1894.187781	False
160.0	40.0	0.01799	0.01189	0.02037	-1893.446383	False
160.0	44.0	0.02531	0.01689	0.0239	-1894.055941	False
160.0	48.0	0.008817	0.0006521	0.01629	-1896.149239	False
160.0	52.0	0.02565	0.0119	0.03413	-1896.535435	False
160.0	56.0	0.06563	0.04819	0.08838	-1893.73797	False
160.0	60.0	0.045	0.04293	0.05506	-1893.106036	False
164.0	0.0	0.01331	1.868e-07	0.01653	-1914.390743	False
164.0	4.0	0.02822	0.001937	0.01675	-1912.891158	False
164.0	8.0	0.03582	0.004923	0.01644	-1911.307539	False
164.0	12.0	0.03238	0.008809	0.01877	-1910.67792	False
164.0	16.0	0.02865	0.01006	0.01954	-1910.462186	False
164.0	20.0	0.01687	0.007336	0.01633	-1908.482193	False
164.0	24.0	0.02658	0.01277	0.01854	-1904.787288	False
164.0	28.0	0.01792	0.009658	0.0178	-1900.46434	False
164.0	32.0	0.02035	0.009954	0.01698	-1897.028346	False
164.0	36.0	0.01954	0.008745	0.01628	-1894.724451	False
164.0	40.0	0.01832504558240205	0.012183203754692895	0.01932522302834762	-1893.654886658905	True
164.0	44.0	0.02447	0.01625	0.02266	-1893.82508	False
164.0	48.0	0.03721	0.006592	0.01683	-1895.206926	False
164.0	52.0	0.007102	0.003189	0.02012	-1897.213088	False
164.0	56.0	0.03903	0.02257	0.05028	-1895.955307	False
164.0	60.0	0.02892	0.02741	0.03762	-1895.242821	False
168.0	0.0	0.0136	1.242e-07	0.01609	-1914.418842	False
168.0	4.0	0.02762	0.001394	0.01626	-1913.094203	False
168.0	8.0	0.03629	0.00477	0.01602	-1911.910459	False
168.0	12.0	0.02625	0.007725	0.01721	-1911.198697	False
168.0	16.0	0.03208	0.01224	0.02098	-1911.012665	False
168.0	20.0	0.0176	0.007535	0.01615	-1909.348664	False
168.0	24.0	0.01912	0.009643	0.01705	-1906.257199	False
168.0	28.0	0.02567	0.01354	0.01941	-1901.751944	False
168.0	32.0	0.02027	0.01054	0.01723	-1898.045973	False
168.0	36.0	0.02121	0.008864	0.01551	-1895.375275	False
168.0	40.0	0.017532288407710723	0.010032917374555028	0.01712547472379032	-1893.9087698554754	True
168.0	44.0	0.02056	0.01368	0.02044	-1893.680098	False
168.0	48.0	0.02378	0.01528	0.02261	-1894.303577	False
168.0	52.0	0.004313	0.001526	0.01558	-1897.207946	False
168.0	56.0	0.01268	0.009379	0.03189	-1897.625633	False
168.0	60.0	0.02691	0.005332	0.0396	-1898.372735	False
172.0	0.0	0.01414	3.778e-08	0.0157	-1914.431421	False
172.0	4.0	0.02708	0.001112	0.01582	-1913.288266	False
172.0	8.0	0.03515	0.004288	0.01566	-1912.456591	False
172.0	12.0	0.00879	0.002601	0.01513	-1911.865641	False
172.0	16.0	0.03067	0.01161	0.0193	-1911.721251	False
172.0	20.0	0.01705	0.007043	0.0158	-1910.083263	False
172.0	24.0	0.01734	0.008863	0.01664	-1907.460836	False
172.0	28.0	0.02872	0.01569	0.02059	-1903.229017	False
172.0	32.0	0.01544	0.008358	0.01623	-1899.219313	False
172.0	36.0	0.0218	0.009507	0.0154	-1896.141288	False
172.0	40.0	0.01557	0.007472	0.01521	-1894.156345	False
172.0	44.0	0.019867359449272867	0.012144185237103781	0.018838918658818996	-1893.6641982886788	True
172.0	48.0	0.02522	0.01526	0.02106	-1894.263015	False
172.0	52.0	0.015964360955195173	0.009187217494337947	0.016934738296109888	-1895.3014997743	True
172.0	56.0	0.0121	0.004599	0.01224	-1895.742704	False
172.0	60.0	0.01074	0.007095	0.01377	-1896.93042	False
176.0	0.0	0.01425	3.282e-08	0.01539	-1914.446062	False
176.0	4.0	0.02709	0.001217	0.01541	-1913.484153	False
176.0	8.0	0.03299	0.003609	0.01537	-1912.933489	False
176.0	12.0	0.01542966296118153	0.00248816464358664	0.014531183268545743	-1912.8094666972138	True
176.0	16.0	0.0181	0.006653	0.01632	-1912.536197	False
176.0	20.0	0.02523	0.01102	0.01879	-1910.785536	False
176.0	24.0	0.01519	0.007768	0.016	-1908.424446	False
176.0	28.0	0.01829	0.01152	0.01892	-1904.728621	False
176.0	32.0	0.02047	0.01149	0.01791	-1900.411769	False
176.0	36.0	0.02288	0.0111	0.0161	-1897.040366	False
176.0	40.0	0.01868	0.007964	0.01465	-1894.802548	False
176.0	44.0	0.019605185623301456	0.010726181301830923	0.01734576107624423	-1893.8179467670182	True
176.0	48.0	0.02617	0.01627	0.02132	-1894.153327	False
176.0	52.0	0.02555	0.01586	0.02219	-1894.241085	False
176.0	56.0	0.02377	0.009751	0.01468	-1894.571108	False
176.0	60.0	0.01063	0.004868	0.01144	-1896.743806	False
180.0	0.0	0.01369	1.436e-07	0.01518	-1914.467866	False
180.0	4.0	0.02769	0.001537	0.01512	-1913.677612	False
180.0	8.0	0.03017	0.002934	0.01512	-1913.336956	False
180.0	12.0	0.013984219465827143	0.0008771045631564799	0.01365955306959995	-1913.4221992079822	True
180.0	16.0	0.006361	0.00208	0.01405	-1913.205218	False
180.0	20.0	0.02722	0.01181	0.01861	-1911.690901	False
180.0	24.0	0.01382	0.00669	0.01538	-1909.229703	False
180.0	28.0	0.01552	0.01002	0.01792	-1905.986515	False
180.0	32.0	0.02679	0.01552	0.02019	-1901.667841	False
180.0	36.0	0.01892	0.00977	0.01568	-1898.127728	False
180.0	40.0	0.02167	0.009077	0.01467	-1895.53063	False
180.0	44.0	0.0152	0.008062	0.01561	-1893.785734	False
180.0	48.0	0.01985	0.01317	0.01931	-1894.06201	False
180.0	52.0	0.02257	0.01319	0.01831	-1894.57695	False
180.0	56.0	0.023405735595453524	0.009331909933794787	0.015317889063287373	-1894.931083200477	True
180.0	60.0	0.01115	0.004024	0.01095	-1895.985151	False
184.0	0.0	0.01255	1.493e-07	0.01507	-1914.495354	False
184.0	4.0	0.02657	0.001516	0.01498	-1913.837555	False
184.0	8.0	0.02699	0.002345	0.01492	-1913.656058	False
184.0	12.0	0.015209338778962515	0.0011874072809900348	0.013891981754174212	-1913.7031795222508	True
184.0	16.0	0.01065	0.002802	0.01403	-1913.552791	False
184.0	20.0	0.02235	0.008878	0.01621	-1912.582545	False
184.0	24.0	0.01606	0.006221	0.01512	-1909.971379	False
184.0	28.0	0.01375	0.008796	0.01699	-1906.933886	False
184.0	32.0	0.02367	0.01454	0.01991	-1902.980468	False
184.0	36.0	0.01072	0.005688	0.01384	-1899.266743	False
184.0	40.0	0.02358	0.01011	0.01485	-1896.356457	False
184.0	44.0	0.017271306351233213	0.00830688006196581	0.014892706293733602	-1894.3722360523097	True
184.0	48.0	0.01486	0.009604	0.01646	-1893.970736	False
184.0	52.0	0.02908	0.01794	0.0211	-1894.710687	False
184.0	56.0	0.030049926043086143	0.007850614952922826	0.015839161243322956	-1894.8467528452932	True
184.0	60.0	0.02177	0.007675	0.01238	-1894.815138	False
188.0	0.0	0.01117	6.318e-08	0.01506	-1914.54947	False
188.0	4.0	0.02443	0.001298	0.0149	-1913.973089	False
188.0	8.0	0.02418	0.00182	0.01482	-1913.931439	False
188.0	12.0	0.018748688848395662	0.0027825383598887275	0.014779888460496953	-1913.8529183074122	True
188.0	16.0	0.01622	0.004918	0.01513	-1913.722433	False
188.0	20.0	0.01934	0.007218	0.01518	-1913.312459	False
188.0	24.0	0.02186	0.008977	0.01621	-1910.793614	False
188.0	28.0	0.01281	0.007666	0.01606	-1907.682638	False
188.0	32.0	0.01538	0.01024	0.01749	-1904.258044	False
188.0	36.0	0.01216	0.007229	0.01499	-1900.311126	False
188.0	40.0	0.02357	0.009694	0.01432	-1897.329658	False
188.0	44.0	0.01758	0.008698	0.01459	-1895.095668	False
188.0	48.0	0.01529784886520746	0.01160838902021377	0.01671381406333878	-1894.3909891222754	True
188.0	52.0	0.02361	0.01517	0.01941	-1894.795609	False
188.0	56.0	0.03336	0.001062	0.01564	-1894.757596	False
188.0	60.0	0.02783432617194151	0.008948528165885056	0.018134273001386224	-1894.396397772979	True
192.0	0.0	0.00992	1.311e-07	0.01512	-1914.624037	False
192.0	4.0	0.02009117603752594	0.0006968600857490959	0.015054660048137464	-1914.2260907443222	True
192.0	8.0	0.02215	0.001346	0.01486	-1914.152312	False
192.0	12.0	0.021137498144959674	0.003818475400157839	0.015038852922067398	-1914.063377081776	True
192.0	16.0	0.02077	0.006942	0.01585	-1914.003702	False
192.0	20.0	0.01753	0.006705	0.01515	-1913.810341	False
192.0	24.0	0.02082	0.008521	0.01527	-1911.626493	False
192.0	28.0	0.01506	0.0074	0.01562	-1908.353377	False
192.0	32.0	0.01433	0.008819	0.01614	-1905.230644	False
192.0	36.0	0.01937	0.01192	0.01758	-1901.292481	False
192.0	40.0	0.02179	0.008203	0.01344	-1898.398632	False
192.0	44.0	0.01911	0.008407	0.01384	-1895.887917	False
192.0	48.0	0.015004301585598368	0.00968309760779945	0.01538510610053104	-1894.6467599973587	True
192.0	52.0	0.0164	0.01001	0.01578	-1894.811966	False
192.0	56.0	0.02777	0.01723	0.01974	-1894.925961	False
192.0	60.0	0.02656	0.01834	0.02479	-1894.300397	False
196.0	0.0	0.009046	2.489e-07	0.0152	-1914.726081	False
196.0	4.0	0.018254100761484638	0.00044434530924158944	0.015364511421458941	-1914.398073480786	True
196.0	8.0	0.02076	0.0009865	0.01498	-1914.330383	False
196.0	12.0	0.02012805762559329	0.0033848865366689074	0.014090031712908522	-1914.3917104739585	True
196.0	16.0	0.02401	0.00742	0.01486	-1914.541369	False
196.0	20.0	0.02174	0.009211	0.017	-1914.247852	False
196.0	24.0	0.01813	0.007371	0.01452	-1912.370261	False
196.0	28.0	0.02041	0.009402	0.01583	-1909.129	False
196.0	32.0	0.01347	0.007736	0.01537	-1905.920238	False
196.0	36.0	0.01958	0.01158	0.01684	-1902.359161	False
196.0	40.0	0.01393	0.005179	0.01232	-1899.478345	False
196.0	44.0	0.02003	0.007083	0.01268	-1896.782731	False
196.0	48.0	0.01598	0.009042	0.01523	-1894.752823	False
196.0	52.0	0.015410414329122771	0.010909179507852775	0.01625186900592424	-1894.8862945587787	True
196.0	56.0	0.02442	0.01587	0.01907	-1895.290287	False
196.0	60.0	0.02513	0.01476	0.01875	-1894.571895	False
200.0	0.0	0.008545	2.1e-07	0.01527	-1914.853225	False
200.0	4.0	0.01828542896061482	0.0004955219692480695	0.01563686380403053	-1914.507239747667	True
200.0	8.0	0.01987	0.0008177	0.01511	-1914.46139	False
200.0	12.0	0.01515	0.002212	0.01296	-1914.733122	False
200.0	16.0	0.0293	0.008852	0.01468	-1915.238174	False
200.0	20.0	0.02636	0.01069	0.01717	-1914.832892	False
200.0	24.0	0.01967	0.00858	0.01542	-1912.988424	False
200.0	28.0	0.02345	0.0103	0.01533	-1909.940199	False
200.0	32.0	0.01679	0.009242	0.01634	-1906.480781	False
200.0	36.0	0.02102	0.01185	0.01662	-1903.418769	False
200.0	40.0	0.007158	0.003706	0.01186	-1900.440843	False
200.0	44.0	0.02279	0.006573	0.01213	-1897.737044	False
200.0	48.0	0.01345	0.006847	0.01331	-1895.519164	False
200.0	52.0	0.010508785601473197	0.007900298591851675	0.014390499841591214	-1895.2218044462645	True
200.0	56.0	0.01502	0.01008	0.01548	-1895.55956	False
200.0	60.0	0.02482	0.01358	0.01664	-1895.010418	False
204.0	0.0	0.008323	9.087e-08	0.01533	-1915.000878	False
204.0	4.0	0.01937568373855202	0.0005191564928749837	0.015423361534866668	-1914.5921068822604	True
204.0	8.0	0.01932	0.0009045	0.01519	-1914.553425	False
204.0	12.0	0.0155	0.00212	0.01294	-1915.113391	False
204.0	16.0	0.03203	0.009273	0.01451	-1915.995844	False
204.0	20.0	0.03082	0.0116	0.01645	-1915.585905	False
204.0	24.0	0.02245	0.01042	0.01675	-1913.60929	False
204.0	28.0	0.02339	0.01022	0.01506	-1910.701988	False
204.0	32.0	0.01942	0.01029	0.01621	-1907.14709	False
204.0	36.0	0.02117	0.0119	0.01659	-1904.261679	False
204.0	40.0	0.01605	0.007834	0.01352	-1901.223992	False
204.0	44.0	0.02282	0.005988	0.01189	-1898.726882	False
204.0	48.0	0.01283	0.004941	0.01179	-1896.333292	False
204.0	52.0	0.010348619397477775	0.005746686231468814	0.012393856196091287	-1895.5647722341043	True
204.0	56.0	0.01398	0.00814	0.01373	-1895.656997	False
204.0	60.0	0.02285	0.01323	0.01667	-1895.490892	False
208.0	0.0	0.00826	3.797e-08	0.01535	-1915.165303	False
208.0	4.0	0.02229	0.0003302	0.01455	-1914.704666	False
208.0	8.0	0.018692277650740854	0.0007656063030553641	0.01447984471432958	-1914.6596981491139	True
208.0	12.0	0.01599	0.002051	0.01294	-1915.428178	False
208.0	16.0	0.02661	0.006775	0.01341	-1916.711017	False
208.0	20.0	0.03625	0.01332	0.01662	-1916.436777	False
208.0	24.0	0.02361	0.01121	0.01709	-1914.34344	False
208.0	28.0	0.02235	0.01066	0.01601	-1911.440759	False
208.0	32.0	0.02015	0.0103	0.01523	-1907.947773	False
208.0	36.0	0.0181	0.01048	0.01609	-1904.912502	False
208.0	40.0	0.02115	0.01111	0.01541	-1902.061211	False
208.0	44.0	0.01665	0.004992	0.01177	-1899.725309	False
208.0	48.0	0.01803	0.0053	0.01155	-1897.176954	False
208.0	52.0	0.016331350713631752	0.005912647819043517	0.01172247671609996	-1895.8889773796063	True
208.0	56.0	0.01582	0.007747	0.01294	-1895.605973	False
208.0	60.0	0.01724	0.01161	0.01624	-1895.963346	False
212.0	0.0	0.008262	1.025e-08	0.01536	-1915.343791	False
212.0	4.0	0.02389	0.0002001	0.0146	-1914.932116	False
212.0	8.0	0.01731	0.0009602	0.0149	-1914.767556	False
212.0	12.0	0.01658	0.001954	0.01292	-1915.67667	False
212.0	16.0	0.02385	0.005417	0.01294	-1917.30234	False
212.0	20.0	0.04041	0.01443	0.01666	-1917.281952	False
212.0	24.0	0.02308	0.01119	0.01678	-1915.213539	False
212.0	28.0	0.02177	0.01128	0.017	-1912.253218	False
212.0	32.0	0.0186	0.009689	0.01472	-1908.8008	False
212.0	36.0	0.01462	0.008721	0.01506	-1905.57996	False
212.0	40.0	0.02417	0.0138	0.01744	-1903.070324	False
212.0	44.0	0.01436	0.006657	0.0125	-1900.654372	False
212.0	48.0	0.02127	0.005739	0.01177	-1898.063656	False
212.0	52.0	0.019965927663589893	0.006454174768006166	0.012049477732101622	-1896.0372932800678	True
212.0	56.0	0.01664	0.00759	0.01277	-1895.452718	False
212.0	60.0	0.0132	0.009002	0.01441	-1896.27948	False
216.0	0.0	0.008281	5.624e-09	0.01535	-1915.542699	False
216.0	4.0	0.02467	0.000101	0.0147	-1915.179373	False
216.0	8.0	0.0213871510629833	0.0006842591379017451	0.014124756194450652	-1915.0052180003445	True
216.0	12.0	0.0169	0.001824	0.01285	-1915.856894	False
216.0	16.0	0.02487	0.005588	0.01315	-1917.753201	False
216.0	20.0	0.04219	0.01434	0.01608	-1918.049372	False
216.0	24.0	0.02254	0.01101	0.01631	-1916.182549	False
216.0	28.0	0.02151	0.01156	0.01721	-1913.203724	False
216.0	32.0	0.01655	0.009293	0.01495	-1909.682642	False
216.0	36.0	0.01375	0.008197	0.01399	-1906.408294	False
216.0	40.0	0.02464	0.01425	0.01759	-1904.088206	False
216.0	44.0	0.01726744929471524	0.008214237120020819	0.015129273865556795	-1898.6981136753257	True
216.0	48.0	0.016291718952477947	0.005267024661759049	0.013450594095184407	-1896.3715027449882	True
216.0	52.0	0.016516623384007407	0.006465627451875705	0.013178829232758107	-1895.4998146541675	True
216.0	56.0	0.01641	0.007745	0.01312	-1895.261037	False
216.0	60.0	0.01366	0.007927	0.01307	-1896.399455	False
220.0	0.0	0.008295	3.496e-07	0.01534	-1915.741678	False
220.0	4.0	0.02495	4.18e-05	0.01484	-1915.428077	False
220.0	8.0	0.02297425302718302	0.0004981997028266974	0.013735981612392298	-1915.208490756654	True
220.0	12.0	0.01694	0.001747	0.01272	-1915.979974	False
220.0	16.0	0.0255	0.005881	0.01343	-1918.093006	False
220.0	20.0	0.04228	0.01367	0.01534	-1918.728512	False
220.0	24.0	0.02348	0.01084	0.01567	-1917.194952	False
220.0	28.0	0.02198	0.01246	0.01789	-1914.278377	False
220.0	32.0	0.01492	0.009116	0.01539	-1910.623052	False
220.0	36.0	0.0141	0.008439	0.01397	-1907.353853	False
220.0	40.0	0.01967	0.01168	0.01612	-1904.923614	False
220.0	44.0	0.01247	0.005885	0.01537	-1896.325514	False
220.0	48.0	0.01184	0.003983	0.0147	-1895.229106	False
220.0	52.0	0.01062	0.005998	0.01409	-1895.217567	False
220.0	56.0	0.013976477616934322	0.007181102552811184	0.013106192222165847	-1895.5974911984952	True
220.0	60.0	0.01559	0.007491	0.01234	-1896.358865	False
224.0	0.0	0.008272	8.086e-08	0.01534	-1915.950777	False
224.0	4.0	0.02479	3.937e-05	0.01501	-1915.684821	False
224.0	8.0	0.021057276149852602	0.0006596644208864202	0.013668741967704352	-1915.47909434087	True
224.0	12.0	0.01664	0.001716	0.01257	-1916.056285	False
224.0	16.0	0.02398	0.005195	0.0132	-1918.337479	False
224.0	20.0	0.04093	0.01277	0.01466	-1919.314115	False
224.0	24.0	0.02551	0.01064	0.01499	-1918.182355	False
224.0	28.0	0.02308	0.0137	0.01877	-1915.417792	False
224.0	32.0	0.01425	0.009165	0.0156	-1911.650152	False
224.0	36.0	0.01419	0.008638	0.01441	-1908.371293	False
224.0	40.0	0.01666	0.0116	0.01761	-1905.602905	False
224.0	44.0	0.01704	0.009832	0.0143	-1903.563835	False
224.0	48.0	0.01148	0.004151	0.01488	-1895.671625	False
224.0	52.0	0.01122	0.00491	0.0138	-1895.482105	False
224.0	56.0	0.01407806954169696	0.0065549034674703445	0.013139467938934293	-1895.595413609256	True
224.0	60.0	0.0177	0.007995	0.01267	-1896.222994	False
228.0	0.0	0.008245	2.53e-08	0.01537	-1916.166647	False
228.0	4.0	0.01722023267258979	0.00042470663240085776	0.014890788480319349	-1916.0667169353142	True
228.0	8.0	0.01489	0.00105	0.01364	-1915.995389	False
228.0	12.0	0.01607	0.001736	0.01242	-1916.10373	False
228.0	16.0	0.02191	0.004233	0.01273	-1918.519448	False
228.0	20.0	0.03792	0.01159	0.01405	-1919.805598	False
228.0	24.0	0.02708	0.01018	0.01422	-1919.095783	False
228.0	28.0	0.02417	0.01409	0.01859	-1916.570485	False
228.0	32.0	0.01527	0.009791	0.0158	-1912.748489	False
228.0	36.0	0.01343	0.008455	0.01483	-1909.448509	False
228.0	40.0	0.0132	0.009472	0.016	-1906.300245	False
228.0	44.0	0.01542	0.008768	0.01349	-1904.694786	False
228.0	48.0	0.01665	0.008134	0.01389	-1901.787217	False
228.0	52.0	0.01141	0.004257	0.01371	-1895.756091	False
228.0	56.0	0.015061215655402908	0.006628731360955938	0.013414157130506404	-1895.8549985659006	True
228.0	60.0	0.01696	0.007972	0.013	-1896.05038	False
232.0	0.0	0.008196	2.646e-07	0.01544	-1916.394738	False
232.0	4.0	0.015175833180939843	0.0005325834832609136	0.015005906506397874	-1916.3761503060477	True
232.0	8.0	0.01601	0.0008786	0.01383	-1916.320656	False
232.0	12.0	0.01234	0.0009208	0.01195	-1916.529315	False
232.0	16.0	0.01965	0.003525	0.01239	-1918.668436	False
232.0	20.0	0.03317	0.01	0.0134	-1920.200961	False
232.0	24.0	0.02561	0.00881	0.0131	-1919.914171	False
232.0	28.0	0.02467	0.0134	0.01741	-1917.700902	False
232.0	32.0	0.01675	0.0104	0.01585	-1913.887211	False
232.0	36.0	0.01266	0.007986	0.01462	-1910.590637	False
232.0	40.0	0.01355	0.008712	0.0143	-1907.313194	False
232.0	44.0	0.01331	0.007461	0.01284	-1905.611726	False
232.0	48.0	0.0162	0.007841	0.0135	-1902.961147	False
232.0	52.0	0.01707	0.007543	0.01392	-1900.280062	False
232.0	56.0	0.01855	0.008863	0.0138	-1898.15411	False
232.0	60.0	0.01564	0.00686	0.01263	-1896.135601	False
236.0	0.0	0.008111	2.975e-08	0.01552	-1916.630419	False
236.0	4.0	0.015364131473562272	0.0004240516284383447	0.01516921601922424	-1916.632257148991	True
236.0	8.0	0.01686	0.0006318	0.01404	-1916.638245	False
236.0	12.0	0.01176	0.0008396	0.01184	-1916.755469	False
236.0	16.0	0.01663	0.002893	0.01208	-1918.794048	False
236.0	20.0	0.02685	0.007951	0.01264	-1920.487408	False
236.0	24.0	0.01882	0.005882	0.01154	-1920.61117	False
236.0	28.0	0.026	0.01293	0.01634	-1918.762874	False
236.0	32.0	0.01808	0.01047	0.0153	-1915.021325	False
236.0	36.0	0.01319	0.007689	0.01387	-1911.770557	False
236.0	40.0	0.01365	0.008749	0.01456	-1908.413841	False
236.0	44.0	0.01617	0.0101	0.01558	-1906.347849	False
236.0	48.0	0.016	0.007859	0.01329	-1904.223892	False
236.0	52.0	0.01616	0.007171	0.01344	-1901.32205	False
236.0	56.0	0.0172	0.009028	0.0142	-1899.129561	False
236.0	60.0	0.01746	0.008141	0.01328	-1896.950343	False
240.0	0.0	0.008018	8.054e-08	0.01564	-1916.882744	False
240.0	4.0	0.015195270275373755	0.00024140836022557705	0.015264003472589424	-1916.8627052980385	True
240.0	8.0	0.01734	0.0003809	0.01425	-1916.961903	False
240.0	12.0	0.013085107902635354	0.0006945398566318775	0.01257383162312936	-1917.4050944889586	True
240.0	16.0	0.01348	0.002649	0.01203	-1918.936855	False
240.0	20.0	0.02038	0.006018	0.01197	-1920.692087	False
240.0	24.0	0.01359	0.003892	0.01062	-1921.194387	False
240.0	28.0	0.02788	0.01262	0.01526	-1919.747542	False
240.0	32.0	0.01975	0.01061	0.01485	-1916.14011	False
240.0	36.0	0.01425	0.007781	0.01352	-1912.969514	False
240.0	40.0	0.01254	0.007934	0.014	-1909.613368	False
240.0	44.0	0.01703	0.0115	0.01761	-1907.074592	False
240.0	48.0	0.01354	0.006684	0.01239	-1905.347596	False
240.0	52.0	0.01699	0.007815	0.01326	-1902.536299	False
240.0	56.0	0.01663	0.008305	0.01363	-1900.142054	False
240.0	60.0	0.01774	0.009265	0.01424	-1897.933495	False
244.0	0.0	0.007935	5.345e-07	0.0158	-1917.114501	False
244.0	4.0	0.014685122460113238	2.4155634774931933e-05	0.01539720807456714	-1917.105561522186	True
244.0	8.0	0.01746	0.0001505	0.01442	-1917.259892	False
244.0	12.0	0.014804177180228566	0.0010189639371011097	0.013078921040763717	-1917.7936696838153	True
244.0	16.0	0.01313	0.00292	0.01228	-1919.079166	False
244.0	20.0	0.01539	0.004735	0.01155	-1920.816479	False
244.0	24.0	0.01322	0.003599	0.01035	-1921.613986	False
244.0	28.0	0.02662	0.01076	0.01336	-1920.614082	False
244.0	32.0	0.02136	0.0108	0.01477	-1917.201817	False
244.0	36.0	0.01529	0.008272	0.01359	-1914.138942	False
244.0	40.0	0.01182	0.006891	0.01268	-1910.872605	False
244.0	44.0	0.01361	0.009826	0.0167	-1907.821204	False
244.0	48.0	0.0148	0.008198	0.01364	-1906.26793	False
244.0	52.0	0.01995	0.009782	0.01452	-1903.797805	False
244.0	56.0	0.01901	0.008945	0.01369	-1901.232633	False
244.0	60.0	0.0146	0.007755	0.01353	-1899.044151	False
248.0	0.0	0.00785	9.235e-07	0.01597	-1917.40051	False
248.0	4.0	0.014043513618766424	-0.00010774068406804033	0.01568683408215086	-1917.4168637677014	True
248.0	8.0	0.01726	5.776e-05	0.01457	-1917.580003	False
248.0	12.0	0.016914606817976418	0.0016543491615017072	0.012958308515947805	-1917.9530963931225	True
248.0	16.0	0.01503	0.003646	0.01273	-1919.201654	False
248.0	20.0	0.01244	0.003964	0.0112	-1920.919466	False
248.0	24.0	0.01247	0.003215	0.01005	-1921.933507	False
248.0	28.0	0.02137	0.007556	0.01115	-1921.396877	False
248.0	32.0	0.0225	0.01099	0.01498	-1918.239597	False
248.0	36.0	0.01641	0.008823	0.01354	-1915.277188	False
248.0	40.0	0.01214	0.006457	0.01189	-1912.160725	False
248.0	44.0	0.01253	0.00894	0.01503	-1908.613409	False
248.0	48.0	0.01836	0.01134	0.01668	-1907.096614	False
248.0	52.0	0.01863	0.008754	0.01426	-1904.945939	False
248.0	56.0	0.02106	0.008527	0.01281	-1902.483573	False
248.0	60.0	0.01464	0.006767	0.01269	-1900.133416	False
252.0	0.0	0.007772	8.079e-07	0.01615	-1917.70399	False
252.0	4.0	0.013575250201422095	-2.1152426222623144e-05	0.016086446570844855	-1917.7435757089713	True
252.0	8.0	0.01681	0.0002209	0.01468	-1917.890657	False
252.0	12.0	0.01789	0.001971	0.0116	-1917.964793	False
252.0	16.0	0.01633	0.004129	0.01304	-1919.277484	False
252.0	20.0	0.01175	0.003514	0.01079	-1920.980385	False
252.0	24.0	0.01174	0.002883	0.009783	-1922.163509	False
252.0	28.0	0.02024	0.006914	0.01064	-1922.048397	False
252.0	32.0	0.02296	0.01104	0.01493	-1919.224394	False
252.0	36.0	0.01712	0.008885	0.01303	-1916.323983	False
252.0	40.0	0.01304	0.006793	0.01191	-1913.395161	False
252.0	44.0	0.01162	0.007287	0.0129	-1909.817103	False
252.0	48.0	0.01716	0.01153	0.01764	-1907.915587	False
252.0	52.0	0.01638	0.007888	0.01374	-1905.972227	False
252.0	56.0	0.01973	0.005773	0.0104	-1903.744389	False
252.0	60.0	0.02103	0.009817	0.01399	-1901.219991	False
256.0	0.0	0.007678	2.464e-06	0.0163	-1918.058494	False
256.0	4.0	0.013456363188357894	0.00019240469743332655	0.016371116903749067	-1918.0374214482645	True
256.0	8.0	0.01624	0.0003374	0.01477	-1918.212796	False
256.0	12.0	0.01571	0.00125	0.01109	-1918.444284	False
256.0	16.0	0.01594	0.004022	0.01305	-1919.345478	False
256.0	20.0	0.012	0.003139	0.01033	-1921.031301	False
256.0	24.0	0.01108	0.002607	0.009554	-1922.365591	False
256.0	28.0	0.01746	0.005953	0.01017	-1922.599113	False
256.0	32.0	0.02203	0.01035	0.01404	-1920.179039	False
256.0	36.0	0.01767	0.008721	0.01241	-1917.280429	False
256.0	40.0	0.01463	0.007614	0.01218	-1914.569232	False
256.0	44.0	0.01145	0.006299	0.01145	-1911.119152	False
256.0	48.0	0.01379	0.01021	0.01721	-1908.738227	False
256.0	52.0	0.01778	0.01025	0.01587	-1906.919831	False
256.0	56.0	0.02064	0.01006	0.01462	-1904.710095	False
256.0	60.0	0.023	0.009927	0.01338	-1902.434984	False
260.0	0.0	0.007557	2.45e-06	0.01641	-1918.453293	False
260.0	4.0	0.01347521426501331	0.00034013104535730865	0.016403729523015276	-1918.3124851693883	True
260.0	8.0	0.01554	0.0003707	0.01483	-1918.532207	False
260.0	12.0	0.01331	0.0006688	0.01067	-1918.910101	False
260.0	16.0	0.01431	0.003475	0.01284	-1919.403413	False
260.0	20.0	0.01202	0.002878	0.01014	-1921.065498	False
260.0	24.0	0.01045	0.002351	0.009349	-1922.542483	False
260.0	28.0	0.01458	0.005127	0.009826	-1923.05914	False
260.0	32.0	0.01912	0.008647	0.01229	-1921.086275	False
260.0	36.0	0.01888	0.00899	0.01221	-1918.126056	False
260.0	40.0	0.01647	0.008335	0.01222	-1915.650374	False
260.0	44.0	0.01192	0.006092	0.01096	-1912.385119	False
260.0	48.0	0.01236	0.008935	0.01602	-1909.516238	False
260.0	52.0	0.01831	0.01159	0.01763	-1907.819006	False
260.0	56.0	0.0192	0.009627	0.01562	-1905.65811	False
260.0	60.0	0.02059	0.006002	0.01017	-1903.715032	False
264.0	0.0	0.007401	2.319e-06	0.01654	-1918.923698	False
264.0	4.0	0.013592733407720468	0.0003602748731949129	0.015796147232794953	-1918.5749992237202	True
264.0	8.0	0.01458	0.0002149	0.0148	-1918.868557	False
264.0	12.0	0.01111	0.0002927	0.01032	-1919.36826	False
264.0	16.0	0.0122	0.002756	0.01252	-1919.474017	False
264.0	20.0	0.01169	0.002866	0.01052	-1921.113971	False
264.0	24.0	0.009715	0.00212	0.009192	-1922.703613	False
264.0	28.0	0.01219	0.004347	0.00945	-1923.44829	False
264.0	32.0	0.01521	0.006902	0.01099	-1921.95207	False
264.0	36.0	0.01952	0.009203	0.01219	-1918.882999	False
264.0	40.0	0.01897	0.009266	0.01238	-1916.639981	False
264.0	44.0	0.01337	0.006844	0.0113	-1913.5825	False
264.0	48.0	0.01194	0.007962	0.01468	-1910.28856	False
264.0	52.0	0.01535	0.01113	0.01806	-1908.714029	False
264.0	56.0	0.01739	0.008927	0.01564	-1906.598966	False
264.0	60.0	0.01817	0.005689	0.01085	-1904.767227	False
268.0	0.0	0.007175	3.105e-06	0.01676	-1919.483579	False
268.0	4.0	0.015718806590587168	0.00026949480243639024	0.014859375788864357	-1918.9006903775826	True
268.0	8.0	0.01295	0.0004748	0.01451	-1919.227235	False
268.0	12.0	0.009395	0.0001336	0.01003	-1919.814059	False
268.0	16.0	0.010530240336100373	0.001975235862785734	0.010893404164888768	-1920.0812265177117	True
268.0	20.0	0.01132	0.002886	0.01105	-1921.173335	False
268.0	24.0	0.008993	0.001956	0.009112	-1922.839794	False
268.0	28.0	0.01055	0.003545	0.009035	-1923.765329	False
268.0	32.0	0.01415	0.006893	0.01112	-1922.728982	False
268.0	36.0	0.0185	0.008901	0.01243	-1919.580652	False
268.0	40.0	0.02186	0.01042	0.01275	-1917.535114	False
268.0	44.0	0.01581	0.008263	0.01203	-1914.69093	False
268.0	48.0	0.01215	0.00686	0.01172	-1911.141535	False
268.0	52.0	0.01282	0.01019	0.01754	-1909.555932	False
268.0	56.0	0.01761	0.01051	0.01721	-1907.544762	False
268.0	60.0	0.01694	0.008006	0.01349	-1905.516152	False
272.0	0.0	0.008249	3.928e-07	0.0277	-1921.26114	False
272.0	4.0	0.0197	0.0001657	0.01597	-1919.680429	False
272.0	8.0	0.013410574259894264	0.0002520777186109553	0.012544409223177039	-1919.7639022381297	True
272.0	12.0	0.008389	0.0001067	0.009814	-1920.243593	False
272.0	16.0	0.009948278125527624	0.0017307647479509573	0.010606139024912625	-1920.4414700599384	True
272.0	20.0	0.01114	0.002888	0.01154	-1921.230495	False
272.0	24.0	0.008451	0.001853	0.009097	-1922.943102	False
272.0	28.0	0.009713	0.002744	0.008689	-1924.011997	False
272.0	32.0	0.01409	0.007095	0.01118	-1923.406741	False
272.0	36.0	0.01816	0.009508	0.01437	-1920.363768	False
272.0	40.0	0.02424	0.01137	0.01299	-1918.330287	False
272.0	44.0	0.01889	0.009945	0.01285	-1915.70841	False
272.0	48.0	0.01291	0.00669	0.01108	-1912.325924	False
272.0	52.0	0.01294	0.009306	0.016	-1910.362935	False
272.0	56.0	0.01623	0.01095	0.01803	-1908.476698	False
272.0	60.0	0.01721	0.00885	0.01601	-1906.289241	False
276.0	0.0	0.008155	2.901e-07	0.02759	-1922.785159	False
276.0	4.0	0.007385	0.002027	0.02264	-1921.444262	False
276.0	8.0	0.007942714610393205	0.0007935156395211147	0.014191767506318773	-1920.7514822129972	True
276.0	12.0	0.007842	0.000121	0.009652	-1920.653678	False
276.0	16.0	0.010615166141503957	0.0018526998874064775	0.010872888656971776	-1920.6377644219958	True
276.0	20.0	0.01106	0.002856	0.01192	-1921.275391	False
276.0	24.0	0.008144	0.00176	0.009109	-1923.01039	False
276.0	28.0	0.009498	0.001969	0.008473	-1924.197197	False
276.0	32.0	0.0146	0.007133	0.01096	-1923.97863	False
276.0	36.0	0.01811	0.009462	0.01404	-1921.249142	False
276.0	40.0	0.0254	0.01175	0.01286	-1919.030113	False
276.0	44.0	0.02186	0.01141	0.01351	-1916.636569	False
276.0	48.0	0.0137	0.007267	0.01136	-1913.449625	False
276.0	52.0	0.01308	0.008102	0.01405	-1911.171038	False
276.0	56.0	0.01301	0.01048	0.01808	-1909.386776	False
276.0	60.0	0.01666	0.009136	0.01706	-1907.191632	False
280.0	0.0	0.008053	5.633e-07	0.02745	-1924.292698	False
280.0	4.0	0.007303	0.002036	0.02261	-1922.983133	False
280.0	8.0	0.00511992026713546	0.0007240130553299202	0.014470269989178955	-1921.7037632079484	True
280.0	12.0	0.007623	0.0001435	0.009573	-1921.038788	False
280.0	16.0	0.013742826424181676	0.003002630020972768	0.012000729195945383	-1920.9233747578467	True
280.0	20.0	0.01102	0.002796	0.01222	-1921.297852	False
280.0	24.0	0.008112	0.001638	0.009129	-1923.037187	False
280.0	28.0	0.009336	0.001332	0.008359	-1924.334041	False
280.0	32.0	0.01506	0.006786	0.01042	-1924.443411	False
280.0	36.0	0.01698	0.008749	0.01273	-1922.118872	False
280.0	40.0	0.02542	0.01157	0.01242	-1919.640336	False
280.0	44.0	0.02375	0.01216	0.01369	-1917.477313	False
280.0	48.0	0.01527	0.008566	0.01218	-1914.492279	False
280.0	52.0	0.01283	0.006519	0.012	-1912.007489	False
280.0	56.0	0.01241	0.009908	0.01709	-1910.231619	False
280.0	60.0	0.01667	0.01054	0.01801	-1908.121355	False
284.0	0.0	0.00793	3.54e-07	0.0272	-1925.800658	False
284.0	4.0	0.007222	0.002053	0.02257	-1924.52257	False
284.0	8.0	0.0053812976048949746	0.0012428880961211537	0.013618910144184967	-1922.2144167886106	True
284.0	12.0	0.007455	0.0002118	0.00952	-1921.414824	False
284.0	16.0	0.02155	0.006263	0.01471	-1921.549701	False
284.0	20.0	0.01088	0.002726	0.01239	-1921.305506	False
284.0	24.0	0.008289	0.001469	0.00914	-1923.02994	False
284.0	28.0	0.008911	0.001016	0.008292	-1924.436813	False
284.0	32.0	0.01534	0.006199	0.009753	-1924.812437	False
284.0	36.0	0.01586	0.008029	0.01143	-1922.947159	False
284.0	40.0	0.02419	0.01083	0.01177	-1920.184086	False
284.0	44.0	0.02457	0.01221	0.0134	-1918.236047	False
284.0	48.0	0.01721	0.00999	0.013	-1915.454773	False
284.0	52.0	0.0125	0.005152	0.0104	-1912.849062	False
284.0	56.0	0.01407	0.009082	0.01488	-1911.071838	False
284.0	60.0	0.01427	0.01042	0.01795	-1909.048633	False
288.0	0.0	0.007796	2.431e-07	0.02689	-1927.302785	False
288.0	4.0	0.007123	0.002061	0.02245	-1926.060098	False
288.0	8.0	0.009735	0.003503	0.01194	-1921.858909	False
288.0	12.0	0.014775353265762996	0.0037447411195810805	0.010385532551864049	-1921.2092181414723	True
288.0	16.0	0.02119	0.005971	0.01447	-1922.057148	False
288.0	20.0	0.01495541124162653	0.003867520400743795	0.012872615170166165	-1922.1181470343909	True
288.0	24.0	0.008706	0.001311	0.009227	-1922.987399	False
288.0	28.0	0.008327	0.001068	0.008223	-1924.504042	False
288.0	32.0	0.01541	0.00559	0.009166	-1925.090728	False
288.0	36.0	0.01707	0.007981	0.01096	-1923.676849	False
288.0	40.0	0.02165	0.009611	0.01107	-1920.679779	False
288.0	44.0	0.02468	0.0118	0.01281	-1918.918522	False
288.0	48.0	0.01868	0.0109	0.01337	-1916.332682	False
288.0	52.0	0.01248	0.004593	0.009946	-1913.656095	False
288.0	56.0	0.01402	0.00756	0.01244	-1911.975847	False
288.0	60.0	0.01178	0.009819	0.01734	-1909.93584	False
292.0	0.0	0.007677	1.025e-06	0.0266	-1928.780114	False
292.0	4.0	0.007042	0.002083	0.02236	-1927.574314	False
292.0	8.0	0.01159	0.002546	0.01144	-1922.525322	False
292.0	12.0	0.01755834198220153	0.0049345911258117554	0.012270882517543024	-1921.8111788548101	True
292.0	16.0	0.02059	0.005562	0.01409	-1922.544381	False
292.0	20.0	0.01576560280041642	0.0038799935199548934	0.012899625440131445	-1922.5823440128952	True
292.0	24.0	0.009476954087672391	0.001865342871542143	0.01044674898094821	-1923.113532246331	True
292.0	28.0	0.007911	0.001373	0.008143	-1924.541485	False
292.0	32.0	0.01504	0.005	0.008732	-1925.294684	False
292.0	36.0	0.0181	0.007722	0.01041	-1924.299671	False
292.0	40.0	0.01634	0.008572	0.01306	-1921.175903	False
292.0	44.0	0.0243	0.0112	0.01214	-1919.54759	False
292.0	48.0	0.01916	0.01097	0.0131	-1917.134527	False
292.0	52.0	0.01104	0.005006	0.01009	-1914.399896	False
292.0	56.0	0.01271	0.005844	0.0103	-1912.932473	False
292.0	60.0	0.01297	0.009163	0.01554	-1910.784392	False
296.0	0.0	0.007546	4.878e-06	0.02624	-1930.243674	False
296.0	4.0	0.006964	0.002111	0.02225	-1929.074066	False
296.0	8.0	0.01013	0.006126	0.02406	-1926.232438	False
296.0	12.0	0.01722660335264501	0.006478224084281076	0.01808180136932353	-1923.712942499983	True
296.0	16.0	0.01973	0.005037	0.01358	-1923.016536	False
296.0	20.0	0.01382244281530809	0.0027231405062897555	0.011797463511526067	-1922.8506166135624	True
296.0	24.0	0.01009	0.002413	0.01155	-1923.036423	False
296.0	28.0	0.008075	0.001675	0.00812	-1924.560451	False
296.0	32.0	0.01398	0.004306	0.008402	-1925.438271	False
296.0	36.0	0.0182	0.007147	0.009844	-1924.821145	False
296.0	40.0	0.01681	0.008749	0.01254	-1922.049393	False
296.0	44.0	0.0233	0.01047	0.0115	-1920.130904	False
296.0	48.0	0.0188	0.01026	0.01224	-1917.864876	False
296.0	52.0	0.01142	0.006048	0.009962	-1915.24398	False
296.0	56.0	0.01194	0.005123	0.009403	-1913.88634	False
296.0	60.0	0.01396	0.008004	0.01306	-1911.70478	False
300.0	0.0	0.007434	3.557e-07	0.02592	-1931.687576	False
300.0	4.0	0.006883	0.002146	0.02212	-1930.558376	False
300.0	8.0	0.009901	0.005975	0.02373	-1927.781068	False
300.0	12.0	0.016404156873868262	0.00632062238037847	0.018743399693723996	-1924.882527092791	True
300.0	16.0	0.01865	0.004428	0.01298	-1923.46965	False
300.0	20.0	0.009278	8.067e-05	0.009267	-1923.543289	False
300.0	24.0	0.009527887104687415	0.0012324830115741734	0.010067536216922073	-1923.7358297835851	True
300.0	28.0	0.01246	0.003036	0.00972	-1924.625698	False
300.0	32.0	0.01261	0.003511	0.008147	-1925.538256	False
300.0	36.0	0.0172	0.00635	0.009349	-1925.249622	False
300.0	40.0	0.01633	0.008288	0.01164	-1922.887838	False
300.0	44.0	0.02143	0.009455	0.0108	-1920.66901	False
300.0	48.0	0.01823	0.009166	0.01109	-1918.532328	False
300.0	52.0	0.01276	0.007096	0.01032	-1916.066164	False
300.0	56.0	0.01292	0.005771	0.009998	-1914.732851	False
300.0	60.0	0.01223	0.006125	0.01061	-1912.731163	False
304.0	0.0	0.007304	5.909e-07	0.0255	-1933.116217	False
304.0	4.0	0.0068	0.002156	0.02194	-1932.021108	False
304.0	8.0	0.009735	0.005911	0.02366	-1929.308468	False
304.0	12.0	0.013648699089481547	0.0036637762022018946	0.01413768473463473	-1924.9248443764193	True
304.0	16.0	0.0173	0.003746	0.01229	-1923.9074	False
304.0	20.0	0.01038	0.000232	0.00958	-1924.055233	False
304.0	24.0	0.010197344245484187	0.0006962569340632045	0.009406496831709375	-1924.3107741593315	True
304.0	28.0	0.01342	0.00389	0.01123	-1924.833093	False
304.0	32.0	0.01168	0.002802	0.007963	-1925.651945	False
304.0	36.0	0.01543	0.005469	0.008942	-1925.606481	False
304.0	40.0	0.01516	0.007692	0.01105	-1923.672759	False
304.0	44.0	0.01921	0.00827	0.01004	-1921.155248	False
304.0	48.0	0.01804	0.008223	0.01015	-1919.147788	False
304.0	52.0	0.01336	0.007529	0.01033	-1916.838058	False
304.0	56.0	0.01311	0.006511	0.01104	-1915.467725	False
304.0	60.0	0.01089	0.005383	0.00956	-1913.81423	False
308.0	0.0	0.007204	1.245e-06	0.02518	-1934.495633	False
308.0	4.0	0.006748	0.002193	0.02185	-1933.434801	False
308.0	8.0	0.009556	0.005786	0.02346	-1930.789865	False
308.0	12.0	0.009413	0.000403	0.008581	-1924.365264	False
308.0	16.0	0.016801257408967995	0.009265543335756733	0.020792914723497504	-1923.7317138855917	True
308.0	20.0	0.01172	0.0007775	0.01006	-1924.529508	False
308.0	24.0	0.009894189059171972	-0.0011903554655158417	0.0068184402611988	-1924.7291418188984	True
308.0	28.0	0.0131	0.003934	0.01164	-1925.072228	False
308.0	32.0	0.01318	0.003361	0.008003	-1925.871882	False
308.0	36.0	0.01311	0.004441	0.0085	-1925.898317	False
308.0	40.0	0.01373	0.007249	0.01104	-1924.356021	False
308.0	44.0	0.016528944563072825	0.008216004936512863	0.010187776300225496	-1921.673800547829	True
308.0	48.0	0.01806	0.00769	0.009665	-1919.692959	False
308.0	52.0	0.013643690129347175	0.006899336210279539	0.022045197678858167	-1918.8152839044783	True
308.0	56.0	0.01141	0.007731	0.03866	-1919.21272	False
308.0	60.0	0.0104	0.005362	0.03312	-1919.772753	False
312.0	0.0	0.007092	2.508e-06	0.02478	-1935.880966	False
312.0	4.0	0.006673	0.002209	0.02166	-1934.85528	False
312.0	8.0	0.009372	0.005638	0.02313	-1932.272683	False
312.0	12.0	0.01274	0.005593	0.0209	-1929.06182	False
312.0	16.0	0.02525	0.02863	0.05045	-1925.403911	False
312.0	20.0	0.0131	0.001444	0.01063	-1925.007119	False
312.0	24.0	0.008351467453063364	-0.004224800767046304	0.0026873182305710624	-1925.004024456994	True
312.0	28.0	0.01213	0.003458	0.0113	-1925.356905	False
312.0	32.0	0.01724	0.005547	0.009295	-1926.179737	False
312.0	36.0	0.01006	0.002988	0.007859	-1926.211303	False
312.0	40.0	0.0122	0.006889	0.01121	-1924.979694	False
312.0	44.0	0.01277	0.008208	0.01337	-1922.015763	False
312.0	48.0	0.013521330044394656	0.006433493501243635	0.01587386634061281	-1920.5578748749354	True
312.0	52.0	0.01124	0.00447	0.02631	-1920.252375	False
312.0	56.0	0.01159	0.007432	0.03747	-1920.257459	False
312.0	60.0	0.01025	0.005517	0.03347	-1920.690694	False
316.0	0.0	0.006979	2.543e-07	0.02437	-1937.249129	False
316.0	4.0	0.006605	0.002234	0.02149	-1936.257065	False
316.0	8.0	0.009179	0.005457	0.0227	-1933.733897	False
316.0	12.0	0.01271	0.005738	0.02117	-1930.576321	False
316.0	16.0	0.02385	0.02695	0.04752	-1926.974023	False
316.0	20.0	0.0144	0.002141	0.01122	-1925.47013	False
316.0	24.0	0.007500997346091743	-0.005552902777493669	0.000923281110247468	-1925.1769698266398	True
316.0	28.0	0.0109	0.002774	0.01056	-1925.654576	False
316.0	32.0	0.01971	0.007061	0.01076	-1926.504622	False
316.0	36.0	0.008141	0.001628	0.007425	-1926.563216	False
316.0	40.0	0.01093	0.006281	0.0112	-1925.544449	False
316.0	44.0	0.01266	0.008688	0.01406	-1922.913856	False
316.0	48.0	0.011930626053589438	0.007083656809671844	0.01950764479074959	-1921.5759677936019	True
316.0	52.0	0.01119	0.005641	0.02767	-1921.386834	False
316.0	56.0	0.011229780664729065	0.006488915407687444	0.034121598445661074	-1921.4149299517942	True
316.0	60.0	0.01037	0.006273	0.03484	-1921.637738	False
320.0	0.0	0.006874	7.019e-07	0.02397	-1938.595037	False
320.0	4.0	0.006538	0.002247	0.0213	-1937.634064	False
320.0	8.0	0.008951	0.005221	0.02209	-1935.173726	False
320.0	12.0	0.01265	0.005822	0.02133	-1932.066942	False
320.0	16.0	0.02258	0.02521	0.04491	-1928.512819	False
320.0	20.0	0.01542	0.002737	0.01169	-1925.915083	False
320.0	24.0	0.007768236900460293	-0.005009628110269353	0.0014750176295778078	-1925.355175348004	True
320.0	28.0	0.009925	0.002272	0.00988	-1925.966728	False
320.0	32.0	0.01995	0.007546	0.01161	-1926.823858	False
320.0	36.0	0.009547	0.00174	0.007699	-1926.94536	False
320.0	40.0	0.009436	0.004659	0.01075	-1926.067552	False
320.0	44.0	0.01268	0.00952	0.01506	-1923.761474	False
320.0	48.0	0.010484979225719778	0.006722636255573865	0.019390853437847667	-1922.5379106452701	True
320.0	52.0	0.01075	0.006011	0.02849	-1922.420425	False
320.0	56.0	0.011299358607041805	0.006142275085711878	0.032426757085913964	-1922.5356675506202	True
320.0	60.0	0.01063	0.007266	0.03635	-1922.603265	False
324.0	0.0	0.006777	6.976e-07	0.02359	-1939.914042	False
324.0	4.0	0.006471	0.002253	0.02109	-1938.985284	False
324.0	8.0	0.008761	0.00504	0.02162	-1936.584995	False
324.0	12.0	0.01252	0.005904	0.02145	-1933.521327	False
324.0	16.0	0.02099	0.02302	0.04167	-1930.023951	False
324.0	20.0	0.01609	0.003186	0.01203	-1926.321265	False
324.0	24.0	0.00872451799264686	-0.0023747131922077364	0.004545547535461303	-1925.7774687743106	True
324.0	28.0	0.009421	0.002157	0.009656	-1926.28163	False
324.0	32.0	0.0189	0.007404	0.01191	-1927.122797	False
324.0	36.0	0.01219	0.003408	0.008985	-1927.318381	False
324.0	40.0	0.006961	0.00236	0.01043	-1926.561501	False
324.0	44.0	0.01276	0.01034	0.0158	-1924.538177	False
324.0	48.0	0.006296	0.0021	0.01374	-1923.379196	False
324.0	52.0	0.007938685554244242	0.001601010961668807	0.020542184555968138	-1923.3053685593673	True
324.0	56.0	0.01128	0.004474	0.02714	-1923.45613	False
324.0	60.0	0.01088	0.007804	0.0368	-1923.581355	False
328.0	0.0	0.006684	2.386e-07	0.02322	-1941.218623	False
328.0	4.0	0.006408	0.002264	0.02089	-1940.321363	False
328.0	8.0	0.008511	0.00476	0.02089	-1937.981104	False
328.0	12.0	0.01242	0.005983	0.02157	-1934.96681	False
328.0	16.0	0.01969	0.02118	0.03894	-1931.512028	False
328.0	20.0	0.01626	0.003392	0.01215	-1926.726257	False
328.0	24.0	0.009994	0.002461	0.01036	-1926.559154	False
328.0	28.0	0.009373	0.002392	0.009898	-1926.617271	False
328.0	32.0	0.01729	0.006867	0.01172	-1927.422407	False
328.0	36.0	0.01467	0.005251	0.01041	-1927.6944	False
328.0	40.0	0.006866	0.002036	0.01068	-1927.050649	False
328.0	44.0	0.01181	0.00965	0.0151	-1925.258034	False
328.0	48.0	0.006642	0.001018	0.01502	-1924.378695	False
328.0	52.0	0.007250167025235125	-1.744559560479947e-05	0.019029016268482496	-1924.5424494461868	True
328.0	56.0	0.01115	0.005029	0.02712	-1924.536509	False
328.0	60.0	0.01104	0.007627	0.03609	-1924.56371	False
332.0	0.0	0.006582	3.268e-07	0.0228	-1942.508039	False
332.0	4.0	0.006334	0.002254	0.02063	-1941.639316	False
332.0	8.0	0.00827	0.004484	0.02019	-1939.35622	False
332.0	12.0	0.01231	0.006041	0.02165	-1936.393158	False
332.0	16.0	0.01798	0.01865	0.03524	-1932.991351	False
332.0	20.0	0.0164	0.003583	0.01229	-1927.117325	False
332.0	24.0	0.010853554442704487	-0.00011644471371231695	0.006506343505333432	-1925.9486587386987	True
332.0	28.0	0.009803	0.002968	0.01051	-1926.957241	False
332.0	32.0	0.01552	0.006058	0.01109	-1927.722484	False
332.0	36.0	0.01676	0.006855	0.01155	-1928.066141	False
332.0	40.0	0.01192	0.004746	0.0114	-1927.53512	False
332.0	44.0	0.009568	0.007441	0.01305	-1925.900807	False
332.0	48.0	0.00962	0.003786	0.02342	-1925.433497	False
332.0	52.0	0.007696	0.0006454	0.01977	-1925.465004	False
332.0	56.0	0.01107	0.006077	0.02729	-1925.626357	False
332.0	60.0	0.01114	0.007232	0.03494	-1925.551498	False
336.0	0.0	0.006491	8.689e-07	0.02242	-1943.774769	False
336.0	4.0	0.006268	0.002256	0.02041	-1942.936633	False
336.0	8.0	0.008013	0.004188	0.01945	-1940.710842	False
336.0	12.0	0.01218	0.006079	0.02168	-1937.797121	False
336.0	16.0	0.01663	0.0164	0.03204	-1934.444849	False
336.0	20.0	0.01618	0.003609	0.01228	-1927.489662	False
336.0	24.0	0.010516872749327484	-0.000524773310653438	0.005974993276282903	-1926.1980188222442	True
336.0	28.0	0.01045	0.003697	0.01128	-1927.297991	False
336.0	32.0	0.01401	0.005145	0.0102	-1928.023986	False
336.0	36.0	0.01825	0.008002	0.01219	-1928.433622	False
336.0	40.0	0.01616	0.006636	0.01184	-1928.015062	False
336.0	44.0	0.007575	0.004988	0.01114	-1926.471206	False
336.0	48.0	0.008731138764292202	0.004966849122242517	0.017214661976627806	-1925.0951666586714	True
336.0	52.0	0.00920671845744725	0.0028933719837324033	0.016052634045067862	-1923.7919587745541	True
336.0	56.0	0.013163287521282496	0.006579852050498075	0.015867066270205198	-1922.3227822846238	True
336.0	60.0	0.01783	0.01121	0.01293	-1920.13948	False
340.0	0.0	0.006399	7.553e-07	0.02203	-1945.027609	False
340.0	4.0	0.006201	0.002238	0.02016	-1944.214776	False
340.0	8.0	0.007753	0.00388	0.01868	-1942.046005	False
340.0	12.0	0.01203	0.006091	0.02166	-1939.180743	False
340.0	16.0	0.01503	0.01373	0.02835	-1935.883358	False
340.0	20.0	0.0244	0.02278	0.0558	-1932.544249	False
340.0	24.0	0.007583	0.000537	0.008363	-1927.790229	False
340.0	28.0	0.006083407382946564	-0.0016088719322533284	0.0011900707357775627	-1927.2450318146286	True
340.0	32.0	0.01289	0.004276	0.009359	-1928.330028	False
340.0	36.0	0.01915	0.00866	0.01226	-1928.799547	False
340.0	40.0	0.01879	0.007789	0.01246	-1928.483433	False
340.0	44.0	0.01264	0.007068	0.01322	-1926.99174	False
340.0	48.0	0.01204	0.008434	0.01466	-1924.798164	False
340.0	52.0	0.008787	0.002297	0.009931	-1922.287685	False
340.0	56.0	0.01294	0.005826	0.01169	-1920.679257	False
340.0	60.0	0.0164	0.009799	0.01258	-1920.643881	False
344.0	0.0	0.006316	2.361e-07	0.02167	-1946.257764	False
344.0	4.0	0.006146	0.002248	0.01996	-1945.472513	False
344.0	8.0	0.007497	0.003573	0.01792	-1943.356663	False
344.0	12.0	0.01188	0.006086	0.02161	-1940.540164	False
344.0	16.0	0.01384	0.01165	0.02548	-1937.293189	False
344.0	20.0	0.02477	0.02419	0.05723	-1933.988323	False
344.0	24.0	0.007649	0.0007516	0.008276	-1928.182779	False
344.0	28.0	0.0038899243473449075	-0.004777290411099795	-0.004404822002697264	-1927.1187446464014	True
344.0	32.0	0.01209	0.003581	0.008811	-1928.631031	False
344.0	36.0	0.0192	0.008694	0.01167	-1929.166105	False
344.0	40.0	0.01995	0.00847	0.01299	-1928.93458	False
344.0	44.0	0.019	0.0105	0.01606	-1927.513438	False
344.0	48.0	0.01146	0.007113	0.0126	-1925.535764	False
344.0	52.0	0.009381	0.003493	0.01027	-1922.986179	False
344.0	56.0	0.01057	0.004063	0.009825	-1921.436515	False
344.0	60.0	0.012487194475749933	0.007164967697890039	0.01308723461273607	-1920.54104945875	True
348.0	0.0	0.006227	1.171e-06	0.02129	-1947.467661	False
348.0	4.0	0.006076	0.002225	0.01969	-1946.706621	False
348.0	8.0	0.007222	0.003238	0.0171	-1944.6455	False
348.0	12.0	0.01173	0.006077	0.02154	-1941.876346	False
348.0	16.0	0.01266	0.009593	0.02266	-1938.684292	False
348.0	20.0	0.02506	0.02524	0.05803	-1935.408993	False
348.0	24.0	0.008271	0.0005661	0.008425	-1928.575097	False
348.0	28.0	0.003584470983018574	-0.006070138734303494	-0.005733833729935067	-1927.079275541639	True
348.0	32.0	0.01136	0.002999	0.008499	-1928.925385	False
348.0	36.0	0.0184	0.008042	0.01053	-1929.537797	False
348.0	40.0	0.02001	0.008764	0.01311	-1929.372104	False
348.0	44.0	0.02072	0.0108	0.01562	-1928.080624	False
348.0	48.0	0.0132	0.007478	0.0119	-1926.219116	False
348.0	52.0	0.0102	0.004488	0.01118	-1923.698249	False
348.0	56.0	0.007578	0.002213	0.008261	-1922.198523	False
348.0	60.0	0.009615	0.005362	0.01322	-1920.447889	False
352.0	0.0	0.006151	4.082e-06	0.02095	-1948.662398	False
352.0	4.0	0.006008	0.002199	0.01943	-1947.926179	False
352.0	8.0	0.006943	0.002897	0.01627	-1945.91797	False
352.0	12.0	0.01154	0.006044	0.02141	-1943.196115	False
352.0	16.0	0.01148	0.007579	0.01992	-1940.057344	False
352.0	20.0	0.02525	0.02611	0.05862	-1936.802253	False
352.0	24.0	0.009102	4.644e-07	0.008861	-1928.961689	False
352.0	28.0	0.004574665738219892	-0.006215652957644296	-0.002719590000252378	-1927.9837221258872	True
352.0	32.0	0.01065	0.002486	0.00828	-1929.20663	False
352.0	36.0	0.01672	0.006654	0.009065	-1929.914192	False
352.0	40.0	0.01889	0.008416	0.0125	-1929.803956	False
352.0	44.0	0.0211	0.01007	0.01425	-1928.693133	False
352.0	48.0	0.0199	0.01258	0.01586	-1926.896391	False
352.0	52.0	0.01036	0.005169	0.01187	-1924.441523	False
352.0	56.0	0.007446	0.002027	0.008607	-1922.91541	False
352.0	60.0	0.01187	0.005682	0.01076	-1921.281413	False
356.0	0.0	0.006064	9.629e-07	0.02057	-1949.839393	False
356.0	4.0	0.005946	0.002185	0.01919	-1949.125089	False
356.0	8.0	0.006672	0.002563	0.01547	-1947.166991	False
356.0	12.0	0.01138	0.006009	0.02127	-1944.491822	False
356.0	16.0	0.01023	0.005462	0.01709	-1941.409497	False
356.0	20.0	0.02536	0.02683	0.05884	-1938.180403	False
356.0	24.0	0.01518	0.004474	0.02983	-1935.226167	False
356.0	28.0	0.007090096574351121	-0.004650383911712002	0.006921663069844039	-1930.9476111505337	True
356.0	32.0	0.009938	0.002044	0.008105	-1929.46614	False
356.0	36.0	0.01493	0.005166	0.007853	-1930.278069	False
356.0	40.0	0.01625	0.007043	0.01089	-1930.233736	False
356.0	44.0	0.02151	0.009567	0.01338	-1929.318763	False
356.0	48.0	0.02157	0.01435	0.01712	-1927.623532	False
356.0	52.0	0.01135	0.005775	0.01149	-1925.227831	False
356.0	56.0	0.01061	0.005283	0.009187	-1923.220019	False
356.0	60.0	0.008836	0.003612	0.008294	-1922.11433	False
360.0	0.0	0.005988	5.983e-08	0.02023	-1950.9901	False
360.0	4.0	0.005892	0.002173	0.01897	-1950.298166	False
360.0	8.0	0.006388	0.0022	0.01463	-1948.389729	False
360.0	12.0	0.0112	0.005955	0.0211	-1945.761942	False
360.0	16.0	0.009036	0.00348	0.0145	-1942.736407	False
360.0	20.0	0.02533	0.02741	0.05882	-1939.529141	False
360.0	24.0	0.01474	0.004157	0.02896	-1936.598691	False
360.0	28.0	0.0071901011876759156	-0.004580255401492353	0.009193314181488967	-1932.4151440867645	True
360.0	32.0	0.009286	0.001702	0.007984	-1929.69101	False
360.0	36.0	0.0141	0.004395	0.007354	-1930.60336	False
360.0	40.0	0.009646	0.002962	0.007179	-1930.65903	False
360.0	44.0	0.02123	0.00889	0.01241	-1929.922619	False
360.0	48.0	0.01818	0.01179	0.0145	-1928.380134	False
360.0	52.0	0.01451	0.008475	0.0132	-1926.023132	False
360.0	56.0	0.007338	0.001963	0.01016	-1924.207765	False
360.0	60.0	0.007146	0.002715	0.007551	-1922.924325	False
364.0	0.0	0.005908	7.388e-07	0.01987	-1952.128173	False
364.0	4.0	0.005813	0.00213	0.01866	-1951.459096	False
364.0	8.0	0.006103	0.001851	0.0138	-1949.601029	False
364.0	12.0	0.01101	0.005895	0.02089	-1947.021877	False
364.0	16.0	0.008808	0.002893	0.0139	-1944.048608	False
364.0	20.0	0.02526	0.0279	0.05855	-1940.869439	False
364.0	24.0	0.01427	0.004004	0.02818	-1937.967307	False
364.0	28.0	0.00649988898976034	-0.004725569624010587	0.008264468617239614	-1932.8729656849869	True
364.0	32.0	0.008717	0.001487	0.007944	-1929.911507	False
364.0	36.0	0.01391	0.004192	0.007285	-1930.916935	False
364.0	40.0	0.009502	0.003181	0.00716	-1931.107762	False
364.0	44.0	0.01892	0.007074	0.01055	-1930.516986	False
364.0	48.0	0.009852	0.006002	0.01	-1929.156037	False
364.0	52.0	0.0163	0.01071	0.01504	-1926.864462	False
364.0	56.0	0.008969	0.003533	0.01047	-1924.838858	False
364.0	60.0	0.006549	0.002411	0.007691	-1923.674539	False
368.0	0.0	0.005815	7.04e-07	0.01947	-1953.252537	False
368.0	4.0	0.005743	0.002107	0.01839	-1952.604219	False
368.0	8.0	0.005811	0.001489	0.01295	-1950.793106	False
368.0	12.0	0.01082	0.005836	0.02068	-1948.259005	False
368.0	16.0	0.00903	0.002976	0.01422	-1945.342829	False
368.0	20.0	0.02507	0.02822	0.05797	-1942.192309	False
368.0	24.0	0.01433	0.004765	0.02891	-1939.30556	False
368.0	28.0	0.007708023685975255	-0.00215296862728546	0.0078103934850481645	-1931.9495826438022	True
368.0	32.0	0.008305	0.001442	0.008038	-1930.117999	False
368.0	36.0	0.01401	0.004249	0.007382	-1931.204545	False
368.0	40.0	0.009588	0.003469	0.007196	-1931.546628	False
368.0	44.0	0.0132	0.003159	0.007393	-1931.0891	False
368.0	48.0	0.008051	0.005006	0.009301	-1929.904141	False
368.0	52.0	0.0153	0.01022	0.01427	-1927.726603	False
368.0	56.0	0.009325	0.003797	0.01026	-1925.501267	False
368.0	60.0	0.006403	0.002098	0.00819	-1924.358708	False
372.0	0.0	0.005738	1.062e-06	0.01914	-1954.355447	False
372.0	4.0	0.005678	0.002076	0.01813	-1953.726325	False
372.0	8.0	0.005526	0.001134	0.01214	-1951.963202	False
372.0	12.0	0.01063	0.005767	0.02045	-1949.472929	False
372.0	16.0	0.009223	0.003052	0.01453	-1946.610838	False
372.0	20.0	0.0248	0.02843	0.05718	-1943.491122	False
372.0	24.0	0.0153	0.00686	0.03215	-1940.610724	False
372.0	28.0	0.01266	0.005272	0.01197	-1930.339419	False
372.0	32.0	0.013241825295875928	0.00522867032431089	0.010384267696063435	-1930.0546792942805	True
372.0	36.0	0.01419	0.004385	0.007534	-1931.465594	False
372.0	40.0	0.009553	0.003578	0.007099	-1931.971794	False
372.0	44.0	0.01094	0.002416	0.006966	-1931.629681	False
372.0	48.0	0.008719	0.00553	0.009617	-1930.602402	False
372.0	52.0	0.01152	0.007243	0.0114	-1928.586934	False
372.0	56.0	0.009241	0.003557	0.009836	-1926.222357	False
372.0	60.0	0.006651	0.001804	0.009	-1924.985226	False
376.0	0.0	0.005662	1.884e-07	0.0188	-1955.435722	False
376.0	4.0	0.005614	0.00205	0.01787	-1954.826185	False
376.0	8.0	0.005249	0.0007951	0.01137	-1953.108644	False
376.0	12.0	0.01041	0.00568	0.02017	-1950.663471	False
376.0	16.0	0.009406	0.003144	0.01485	-1947.853489	False
376.0	20.0	0.02448	0.02855	0.05624	-1944.76458	False
376.0	24.0	0.01628	0.009161	0.03555	-1941.898253	False
376.0	28.0	0.01504	0.007851	0.03368	-1939.082927	False
376.0	32.0	0.01580077274970579	0.007077789612105248	0.019835752306455987	-1933.7814242444213	True
376.0	36.0	0.01426	0.004449	0.007657	-1931.698851	False
376.0	40.0	0.009389	0.003538	0.006893	-1932.374664	False
376.0	44.0	0.009511	0.002135	0.006751	-1932.130625	False
376.0	48.0	0.009609	0.006045	0.009915	-1931.244454	False
376.0	52.0	0.006591	0.003466	0.008156	-1929.421014	False
376.0	56.0	0.0098	0.004342	0.01061	-1927.011923	False
376.0	60.0	0.006957	0.001604	0.009946	-1925.558482	False
380.0	0.0	0.005589	2.486e-08	0.01848	-1956.506378	False
380.0	4.0	0.005548	0.002017	0.0176	-1955.916016	False
380.0	8.0	0.004954	0.0004326	0.01056	-1954.243059	False
380.0	12.0	0.01022	0.005588	0.01989	-1951.839373	False
380.0	16.0	0.009538	0.003223	0.01512	-1949.079646	False
380.0	20.0	0.02405	0.02851	0.05498	-1946.029116	False
380.0	24.0	0.01732	0.01127	0.03899	-1943.165499	False
380.0	28.0	0.01508	0.007774	0.03382	-1940.384722	False
380.0	32.0	0.01593704454366524	0.006751549437221274	0.022255471060425667	-1935.6416248888609	True
380.0	36.0	0.01413	0.004378	0.007719	-1931.922629	False
380.0	40.0	0.009064	0.003366	0.006603	-1932.766353	False
380.0	44.0	0.01136	0.002899	0.03203	-1937.239531	False
380.0	48.0	0.01053	0.006399	0.01007	-1931.849861	False
380.0	52.0	0.005925	0.00299	0.00753	-1930.229916	False
380.0	56.0	0.01019	0.005123	0.01129	-1927.850808	False
380.0	60.0	0.008289	0.002772	0.01081	-1926.124406	False
384.0	0.0	0.005517	7.872e-07	0.01816	-1957.561312	False
384.0	4.0	0.005487	0.00199	0.01736	-1956.988667	False
384.0	8.0	0.004674	9.049e-05	0.0098	-1955.359685	False
384.0	12.0	0.009985	0.005457	0.01953	-1953.001833	False
384.0	16.0	0.009653	0.003296	0.01538	-1950.286395	False
384.0	20.0	0.02361	0.02845	0.05372	-1947.269916	False
384.0	24.0	0.01824	0.01336	0.04215	-1944.423991	False
384.0	28.0	0.01509	0.007634	0.03382	-1941.67851	False
384.0	32.0	0.015480184228006488	0.005950836013386853	0.021003043571952654	-1936.2892058132577	True
384.0	36.0	0.01378	0.004172	0.007723	-1932.131739	False
384.0	40.0	0.008583	0.003085	0.006261	-1933.135166	False
384.0	44.0	0.009833576868752476	0.0034504057920222257	0.014600993144002945	-1934.9274037921193	True
384.0	48.0	0.01105	0.006378	0.009923	-1932.410114	False
384.0	52.0	0.009845	0.008691	0.03626	-1930.681698	False
384.0	56.0	0.009738	0.005087	0.01114	-1928.692404	False
384.0	60.0	0.008986	0.00368	0.01034	-1926.767877	False
388.0	0.0	0.005446	1.968e-07	0.01785	-1958.606784	False
388.0	4.0	0.00543	0.001967	0.01713	-1958.051163	False
388.0	8.0	0.004386	0.0002643	0.009035	-1956.463144	False
388.0	12.0	0.009774	0.005349	0.01921	-1954.145899	False
388.0	16.0	0.009741	0.003366	0.01561	-1951.47669	False
388.0	20.0	0.0231	0.02828	0.05228	-1948.498543	False
388.0	24.0	0.01903	0.01515	0.04487	-1945.660018	False
388.0	28.0	0.01503	0.007407	0.03357	-1942.943106	False
388.0	32.0	0.014901986717540281	0.005088859129045489	0.019542847226192542	-1936.8937316435881	True
388.0	36.0	0.0133	0.003785	0.007618	-1932.329755	False
388.0	40.0	0.007891	0.002688	0.005881	-1933.482173	False
388.0	44.0	0.008473	0.002398	0.006512	-1933.506322	False
388.0	48.0	0.01092	0.005725	0.009375	-1932.928708	False
388.0	52.0	0.007105	0.003479	0.007474	-1931.713934	False
388.0	56.0	0.007609	0.003721	0.009878	-1929.521958	False
388.0	60.0	0.005046	0.002537	0.007138	-1927.049728	False
392.0	0.0	0.005369	5.014e-07	0.01752	-1959.638158	False
392.0	4.0	0.005362	0.001925	0.01686	-1959.096561	False
392.0	8.0	0.004103	0.0006002	0.008307	-1957.550524	False
392.0	12.0	0.009565	0.005244	0.01888	-1955.271873	False
392.0	16.0	0.009817	0.00344	0.01583	-1952.650822	False
392.0	20.0	0.02251	0.02803	0.05075	-1949.706081	False
392.0	24.0	0.01964	0.01669	0.04702	-1946.883252	False
392.0	28.0	0.01485	0.007048	0.03292	-1944.200953	False
392.0	32.0	0.014036303034318324	0.004296645573217397	0.017965272682905823	-1937.2434304099772	True
392.0	36.0	0.01258	0.003571	0.007693	-1932.522086	False
392.0	40.0	0.007027	0.002205	0.005499	-1933.804094	False
392.0	44.0	0.008407	0.002377	0.006434	-1933.912206	False
392.0	48.0	0.01232	0.004634	0.008932	-1933.410629	False
392.0	52.0	0.008384	0.006342	0.02377	-1933.048339	False
392.0	56.0	0.00673	0.00342	0.009193	-1930.329021	False
392.0	60.0	0.00411	0.001993	0.006702	-1927.653166	False
396.0	0.0	0.005295	8.948e-07	0.0172	-1960.647473	False
396.0	4.0	0.005295	0.001882	0.01659	-1960.120902	False
396.0	8.0	0.003831	0.0009197	0.007627	-1958.614007	False
396.0	12.0	0.009329	0.005096	0.01848	-1956.371769	False
396.0	16.0	0.009893	0.003504	0.01606	-1953.792379	False
396.0	20.0	0.0218	0.02706	0.04891	-1950.877362	False
396.0	24.0	0.02024	0.01814	0.04911	-1948.063612	False
396.0	28.0	0.01461	0.006589	0.03206	-1945.41227	False
396.0	32.0	0.012027649040903634	0.003614222376072169	0.01527964287018799	-1936.081765708334	True
396.0	36.0	0.01207	0.003484	0.007897	-1932.699621	False
396.0	40.0	0.006133	0.001709	0.00517	-1934.089524	False
396.0	44.0	0.008359	0.002319	0.006359	-1934.284268	False
396.0	48.0	0.01274	0.003494	0.008297	-1933.865822	False
396.0	52.0	0.010621436644554963	0.005477542922135377	0.015329024099866362	-1933.257205668519	True
396.0	56.0	0.006268	0.003247	0.008429	-1931.100541	False
396.0	60.0	0.008468	0.004303	0.008293	-1928.197222	False
400.0	0.0	0.00523	2.248e-06	0.01692	-1961.64402	False
400.0	4.0	0.005234	0.00185	0.01634	-1961.133271	False
400.0	8.0	0.00355	0.001243	0.00695	-1959.666417	False
400.0	12.0	0.009106	0.00496	0.0181	-1957.464606	False
400.0	16.0	0.009901	0.003551	0.01619	-1954.924413	False
400.0	20.0	0.021	0.02582	0.04685	-1952.053117	False
400.0	24.0	0.02072	0.01939	0.05074	-1949.25036	False
400.0	28.0	0.01435	0.00607	0.03107	-1946.631022	False
400.0	32.0	0.008032	0.003615	0.01125	-1932.446823	False
400.0	36.0	0.01133	0.003437	0.008185	-1932.88948	False
400.0	40.0	0.005455	0.001291	0.004946	-1934.352693	False
400.0	44.0	0.008305	0.002255	0.00628	-1934.639115	False
400.0	48.0	0.01163	0.002302	0.007282	-1934.30769	False
400.0	52.0	0.01341	0.006732	0.01047	-1933.557637	False
400.0	56.0	0.005438	0.002666	0.007337	-1931.851642	False
400.0	60.0	0.01758	0.01037	0.01366	-1928.739655	False
